0 0.000000000000000 0.000000000000000 0.000000000000000 0
1 0.253300781250000 14.363404125150337 0.000000000000000 100
2 0.164492187500000 14.029392749431063 0.430458794499513 100
3 0.108085937500000 14.410714427346807 0.405310967931363 100
4 0.078359375000000 14.775231793571535 0.372054222742685 100
5 0.059843750000000 15.425122108434586 0.356344432375529 100
6 0.047343750000000 15.746045989664294 0.334582068866275 100
7 0.037285156250000 16.272872380204230 0.318756420646696 100
8 0.029667968750000 16.476466470668125 0.305529806364025 100
9 0.025800781250000 16.724519774500813 0.296337087295182 100
10 0.020429687500000 16.591978352228185 0.278833176711672 100
11 0.018085937500000 17.414808673649578 0.275667682569955 100
12 0.016015625000000 17.689909598435332 0.264551061819444 100
13 0.014062500000000 17.946384971865744 0.262884632461556 100
14 0.012070312500000 17.628471454391367 0.246930102124907 99
15 0.010605468750000 17.784394376667098 0.241531861596797 99
16 0.008984375000000 18.072348665223661 0.237994693963444 100
17 0.008496093750000 17.858230249300597 0.222336252917287 97
18 0.007304687500000 17.838318713450303 0.219580978590266 95
19 0.007187500000000 18.008157764202178 0.217346172143321 96
20 0.006562500000000 18.328230785296569 0.214400518840962 95
21 0.005390625000000 18.559077455543623 0.217812149421172 95
22 0.004765625000000 18.799962680997165 0.212671756267815 87
23 0.004257812500000 18.878839429491595 0.205167722776418 90
24 0.003847656250000 18.584141502129302 0.195632500967867 82
25 0.003750000000000 18.586036718301781 0.200039395677950 83
26 0.003515625000000 19.045377073906483 0.197826847662142 85
27 0.003554687500000 18.552792475014694 0.187580269524714 84
28 0.002890625000000 18.686286027568929 0.185611018286457 76
29 0.002929687500000 19.061698945048015 0.191745956767213 73
30 0.002343750000000 18.840379188712514 0.181857325305601 63
31 0.002304687500000 18.834245682632783 0.178668947539915 66
32 0.001972656250000 19.235699926900587 0.178736912846633 57
33 0.002070312500000 19.546107628004172 0.166714559386973 58
34 0.001484375000000 19.075735294117642 0.171948900772430 50
35 0.001718750000000 19.300549450549447 0.169026071967248 52
36 0.001875000000000 19.721700336700330 0.169643097643098 55
37 0.001367187500000 19.587502396013033 0.166868996656231 47
38 0.001367187500000 18.975387596899228 0.157872131617542 43
39 0.001484375000000 19.539452991452990 0.157515969410706 50
40 0.001269531250000 20.835614583333335 0.169708333333333 40
41 0.000957031250000 20.425700090334235 0.170257452574526 36
42 0.000957031250000 19.672321428571426 0.150232288037166 40
43 0.000703125000000 20.498837209302327 0.161221853082318 30
44 0.000703125000000 19.966954022988503 0.155287842336760 29
45 0.000742187500000 20.640501792114694 0.158260019550342 31
46 0.000625000000000 19.230273752012881 0.147593487207014 27
47 0.000761718750000 20.640292553191490 0.139786655874191 32
48 0.000546875000000 21.558396464646464 0.154886632280249 22
49 0.000566406250000 22.638560687432868 0.158103592314119 19
50 0.000546875000000 20.324347826086957 0.150902099970423 23
51 0.000527343750000 20.296345811051694 0.137807486631016 22
52 0.000332031250000 19.828125000000004 0.136100113122172 16
53 0.000332031250000 19.997780244173139 0.130752155724409 17
54 0.000312500000000 21.059829059829060 0.137020910605816 13
55 0.000390625000000 23.171212121212122 0.164234942012720 18
56 0.000312500000000 18.726562500000000 0.123214285714286 16
57 0.000253906250000 20.174561403508772 0.122963659147870 10
58 0.000175781250000 18.730603448275865 0.126474591651542 8
59 0.000292968750000 23.570404172099089 0.154003506721216 13
60 0.000214843750000 19.061666666666667 0.114971751412429 10
61 0.000156250000000 20.239754098360656 0.135655737704918 8
62 0.000175781250000 19.662298387096772 0.120108408249603 8
63 0.000136718750000 23.866402116402117 0.155700631507083 6
64 0.000175781250000 21.717013888888889 0.134534832451499 9
65 0.000078125000000 21.396153846153847 0.123798076923077 4
66 0.000117187500000 20.712121212121211 0.136907536907537 6
67 0.000078125000000 18.119402985074629 0.103799185888738 4
68 0.000058593750000 23.911764705882351 0.139596136962248 3
69 0.000117187500000 15.572463768115943 0.097684001136687 6
70 0.000058593750000 24.404761904761902 0.142581090407177 3
71 0.000058593750000 17.962441314553988 0.099932930918846 3
72 0.000078125000000 25.879629629629630 0.156298904538341 2
73 0.000058593750000 16.890410958904109 0.091324200913242 3
74 0.000058593750000 21.986486486486484 0.115265950882389 3
75 0.000019531250000 16.600000000000001 0.078918918918919 1
76 0.000000000000000 0.000000000000000 0.000000000000000 0
77 0.000058593750000 21.917748917748920 0.122693096377307 3
78 0.000019531250000 9.628205128205128 0.040959040959041 1
79 0.000019531250000 22.531645569620252 0.127880558260305 1
80 0.000000000000000 0.000000000000000 0.000000000000000 0
81 0.000019531250000 10.049382716049383 0.051543209876543 1
82 0.000019531250000 25.292682926829269 0.172538392050587 1
83 0.000019531250000 11.337349397590362 0.049955921245959 1
84 0.000000000000000 0.000000000000000 0.000000000000000 0
85 0.000000000000000 0.000000000000000 0.000000000000000 0
86 0.000000000000000 0.000000000000000 0.000000000000000 0
87 0.000000000000000 0.000000000000000 0.000000000000000 0
88 0.000000000000000 0.000000000000000 0.000000000000000 0
89 0.000000000000000 0.000000000000000 0.000000000000000 0
90 0.000019531250000 19.855555555555554 0.125842696629213 1
91 0.000000000000000 0.000000000000000 0.000000000000000 0
92 0.000000000000000 0.000000000000000 0.000000000000000 0
93 0.000000000000000 0.000000000000000 0.000000000000000 0
94 0.000000000000000 0.000000000000000 0.000000000000000 0
95 0.000000000000000 0.000000000000000 0.000000000000000 0
96 0.000000000000000 0.000000000000000 0.000000000000000 0
97 0.000000000000000 0.000000000000000 0.000000000000000 0
98 0.000000000000000 0.000000000000000 0.000000000000000 0
99 0.000000000000000 0.000000000000000 0.000000000000000 0
100 0.000000000000000 0.000000000000000 0.000000000000000 0
101 0.000000000000000 0.000000000000000 0.000000000000000 0
102 0.000000000000000 0.000000000000000 0.000000000000000 0
103 0.000000000000000 0.000000000000000 0.000000000000000 0
104 0.000000000000000 0.000000000000000 0.000000000000000 0
105 0.000000000000000 0.000000000000000 0.000000000000000 0
106 0.000000000000000 0.000000000000000 0.000000000000000 0
107 0.000000000000000 0.000000000000000 0.000000000000000 0
108 0.000000000000000 0.000000000000000 0.000000000000000 0
109 0.000000000000000 0.000000000000000 0.000000000000000 0
110 0.000000000000000 0.000000000000000 0.000000000000000 0
111 0.000000000000000 0.000000000000000 0.000000000000000 0
112 0.000000000000000 0.000000000000000 0.000000000000000 0
113 0.000000000000000 0.000000000000000 0.000000000000000 0
114 0.000000000000000 0.000000000000000 0.000000000000000 0
115 0.000000000000000 0.000000000000000 0.000000000000000 0
116 0.000000000000000 0.000000000000000 0.000000000000000 0
117 0.000000000000000 0.000000000000000 0.000000000000000 0
118 0.000000000000000 0.000000000000000 0.000000000000000 0
119 0.000000000000000 0.000000000000000 0.000000000000000 0
120 0.000000000000000 0.000000000000000 0.000000000000000 0
121 0.000000000000000 0.000000000000000 0.000000000000000 0
122 0.000000000000000 0.000000000000000 0.000000000000000 0
123 0.000000000000000 0.000000000000000 0.000000000000000 0
124 0.000000000000000 0.000000000000000 0.000000000000000 0
125 0.000000000000000 0.000000000000000 0.000000000000000 0
126 0.000000000000000 0.000000000000000 0.000000000000000 0
127 0.000000000000000 0.000000000000000 0.000000000000000 0
128 0.000000000000000 0.000000000000000 0.000000000000000 0
129 0.000000000000000 0.000000000000000 0.000000000000000 0
130 0.000000000000000 0.000000000000000 0.000000000000000 0
131 0.000000000000000 0.000000000000000 0.000000000000000 0
132 0.000000000000000 0.000000000000000 0.000000000000000 0
133 0.000000000000000 0.000000000000000 0.000000000000000 0
134 0.000000000000000 0.000000000000000 0.000000000000000 0
135 0.000000000000000 0.000000000000000 0.000000000000000 0
136 0.000000000000000 0.000000000000000 0.000000000000000 0
137 0.000000000000000 0.000000000000000 0.000000000000000 0
138 0.000000000000000 0.000000000000000 0.000000000000000 0
139 0.000000000000000 0.000000000000000 0.000000000000000 0
140 0.000000000000000 0.000000000000000 0.000000000000000 0
141 0.000000000000000 0.000000000000000 0.000000000000000 0
142 0.000000000000000 0.000000000000000 0.000000000000000 0
143 0.000000000000000 0.000000000000000 0.000000000000000 0
144 0.000000000000000 0.000000000000000 0.000000000000000 0
145 0.000000000000000 0.000000000000000 0.000000000000000 0
146 0.000000000000000 0.000000000000000 0.000000000000000 0
147 0.000000000000000 0.000000000000000 0.000000000000000 0
148 0.000000000000000 0.000000000000000 0.000000000000000 0
149 0.000000000000000 0.000000000000000 0.000000000000000 0
150 0.000000000000000 0.000000000000000 0.000000000000000 0
151 0.000000000000000 0.000000000000000 0.000000000000000 0
152 0.000000000000000 0.000000000000000 0.000000000000000 0
153 0.000000000000000 0.000000000000000 0.000000000000000 0
154 0.000000000000000 0.000000000000000 0.000000000000000 0
155 0.000000000000000 0.000000000000000 0.000000000000000 0
156 0.000000000000000 0.000000000000000 0.000000000000000 0
157 0.000000000000000 0.000000000000000 0.000000000000000 0
158 0.000000000000000 0.000000000000000 0.000000000000000 0
159 0.000000000000000 0.000000000000000 0.000000000000000 0
160 0.000000000000000 0.000000000000000 0.000000000000000 0
161 0.000000000000000 0.000000000000000 0.000000000000000 0
162 0.000000000000000 0.000000000000000 0.000000000000000 0
163 0.000000000000000 0.000000000000000 0.000000000000000 0
164 0.000000000000000 0.000000000000000 0.000000000000000 0
165 0.000000000000000 0.000000000000000 0.000000000000000 0
166 0.000000000000000 0.000000000000000 0.000000000000000 0
167 0.000000000000000 0.000000000000000 0.000000000000000 0
168 0.000000000000000 0.000000000000000 0.000000000000000 0
169 0.000000000000000 0.000000000000000 0.000000000000000 0
170 0.000000000000000 0.000000000000000 0.000000000000000 0
171 0.000000000000000 0.000000000000000 0.000000000000000 0
172 0.000000000000000 0.000000000000000 0.000000000000000 0
173 0.000000000000000 0.000000000000000 0.000000000000000 0
174 0.000000000000000 0.000000000000000 0.000000000000000 0
175 0.000000000000000 0.000000000000000 0.000000000000000 0
176 0.000000000000000 0.000000000000000 0.000000000000000 0
177 0.000000000000000 0.000000000000000 0.000000000000000 0
178 0.000000000000000 0.000000000000000 0.000000000000000 0
179 0.000000000000000 0.000000000000000 0.000000000000000 0
180 0.000000000000000 0.000000000000000 0.000000000000000 0
181 0.000000000000000 0.000000000000000 0.000000000000000 0
182 0.000000000000000 0.000000000000000 0.000000000000000 0
183 0.000000000000000 0.000000000000000 0.000000000000000 0
184 0.000000000000000 0.000000000000000 0.000000000000000 0
185 0.000000000000000 0.000000000000000 0.000000000000000 0
186 0.000000000000000 0.000000000000000 0.000000000000000 0
187 0.000000000000000 0.000000000000000 0.000000000000000 0
188 0.000000000000000 0.000000000000000 0.000000000000000 0
189 0.000000000000000 0.000000000000000 0.000000000000000 0
190 0.000000000000000 0.000000000000000 0.000000000000000 0
191 0.000000000000000 0.000000000000000 0.000000000000000 0
192 0.000000000000000 0.000000000000000 0.000000000000000 0
193 0.000000000000000 0.000000000000000 0.000000000000000 0
194 0.000000000000000 0.000000000000000 0.000000000000000 0
195 0.000000000000000 0.000000000000000 0.000000000000000 0
196 0.000000000000000 0.000000000000000 0.000000000000000 0
197 0.000000000000000 0.000000000000000 0.000000000000000 0
198 0.000000000000000 0.000000000000000 0.000000000000000 0
199 0.000000000000000 0.000000000000000 0.000000000000000 0
200 0.000000000000000 0.000000000000000 0.000000000000000 0
201 0.000000000000000 0.000000000000000 0.000000000000000 0
202 0.000000000000000 0.000000000000000 0.000000000000000 0
203 0.000000000000000 0.000000000000000 0.000000000000000 0
204 0.000000000000000 0.000000000000000 0.000000000000000 0
205 0.000000000000000 0.000000000000000 0.000000000000000 0
206 0.000000000000000 0.000000000000000 0.000000000000000 0
207 0.000000000000000 0.000000000000000 0.000000000000000 0
208 0.000000000000000 0.000000000000000 0.000000000000000 0
209 0.000000000000000 0.000000000000000 0.000000000000000 0
210 0.000000000000000 0.000000000000000 0.000000000000000 0
211 0.000000000000000 0.000000000000000 0.000000000000000 0
212 0.000000000000000 0.000000000000000 0.000000000000000 0
213 0.000000000000000 0.000000000000000 0.000000000000000 0
214 0.000000000000000 0.000000000000000 0.000000000000000 0
215 0.000000000000000 0.000000000000000 0.000000000000000 0
216 0.000000000000000 0.000000000000000 0.000000000000000 0
217 0.000000000000000 0.000000000000000 0.000000000000000 0
218 0.000000000000000 0.000000000000000 0.000000000000000 0
219 0.000000000000000 0.000000000000000 0.000000000000000 0
220 0.000000000000000 0.000000000000000 0.000000000000000 0
221 0.000000000000000 0.000000000000000 0.000000000000000 0
222 0.000000000000000 0.000000000000000 0.000000000000000 0
223 0.000000000000000 0.000000000000000 0.000000000000000 0
224 0.000000000000000 0.000000000000000 0.000000000000000 0
225 0.000000000000000 0.000000000000000 0.000000000000000 0
226 0.000000000000000 0.000000000000000 0.000000000000000 0
227 0.000000000000000 0.000000000000000 0.000000000000000 0
228 0.000000000000000 0.000000000000000 0.000000000000000 0
229 0.000000000000000 0.000000000000000 0.000000000000000 0
230 0.000000000000000 0.000000000000000 0.000000000000000 0
231 0.000000000000000 0.000000000000000 0.000000000000000 0
232 0.000000000000000 0.000000000000000 0.000000000000000 0
233 0.000000000000000 0.000000000000000 0.000000000000000 0
234 0.000000000000000 0.000000000000000 0.000000000000000 0
235 0.000000000000000 0.000000000000000 0.000000000000000 0
236 0.000000000000000 0.000000000000000 0.000000000000000 0
237 0.000000000000000 0.000000000000000 0.000000000000000 0
238 0.000000000000000 0.000000000000000 0.000000000000000 0
239 0.000000000000000 0.000000000000000 0.000000000000000 0
240 0.000000000000000 0.000000000000000 0.000000000000000 0
241 0.000000000000000 0.000000000000000 0.000000000000000 0
242 0.000000000000000 0.000000000000000 0.000000000000000 0
243 0.000000000000000 0.000000000000000 0.000000000000000 0
244 0.000000000000000 0.000000000000000 0.000000000000000 0
245 0.000000000000000 0.000000000000000 0.000000000000000 0
246 0.000000000000000 0.000000000000000 0.000000000000000 0
247 0.000000000000000 0.000000000000000 0.000000000000000 0
248 0.000000000000000 0.000000000000000 0.000000000000000 0
249 0.000000000000000 0.000000000000000 0.000000000000000 0
250 0.000000000000000 0.000000000000000 0.000000000000000 0
251 0.000000000000000 0.000000000000000 0.000000000000000 0
252 0.000000000000000 0.000000000000000 0.000000000000000 0
253 0.000000000000000 0.000000000000000 0.000000000000000 0
254 0.000000000000000 0.000000000000000 0.000000000000000 0
255 0.000000000000000 0.000000000000000 0.000000000000000 0
256 0.000000000000000 0.000000000000000 0.000000000000000 0
257 0.000000000000000 0.000000000000000 0.000000000000000 0
258 0.000000000000000 0.000000000000000 0.000000000000000 0
259 0.000000000000000 0.000000000000000 0.000000000000000 0
260 0.000000000000000 0.000000000000000 0.000000000000000 0
261 0.000000000000000 0.000000000000000 0.000000000000000 0
262 0.000000000000000 0.000000000000000 0.000000000000000 0
263 0.000000000000000 0.000000000000000 0.000000000000000 0
264 0.000000000000000 0.000000000000000 0.000000000000000 0
265 0.000000000000000 0.000000000000000 0.000000000000000 0
266 0.000000000000000 0.000000000000000 0.000000000000000 0
267 0.000000000000000 0.000000000000000 0.000000000000000 0
268 0.000000000000000 0.000000000000000 0.000000000000000 0
269 0.000000000000000 0.000000000000000 0.000000000000000 0
270 0.000000000000000 0.000000000000000 0.000000000000000 0
271 0.000000000000000 0.000000000000000 0.000000000000000 0
272 0.000000000000000 0.000000000000000 0.000000000000000 0
273 0.000000000000000 0.000000000000000 0.000000000000000 0
274 0.000000000000000 0.000000000000000 0.000000000000000 0
275 0.000000000000000 0.000000000000000 0.000000000000000 0
276 0.000000000000000 0.000000000000000 0.000000000000000 0
277 0.000000000000000 0.000000000000000 0.000000000000000 0
278 0.000000000000000 0.000000000000000 0.000000000000000 0
279 0.000000000000000 0.000000000000000 0.000000000000000 0
280 0.000000000000000 0.000000000000000 0.000000000000000 0
281 0.000000000000000 0.000000000000000 0.000000000000000 0
282 0.000000000000000 0.000000000000000 0.000000000000000 0
283 0.000000000000000 0.000000000000000 0.000000000000000 0
284 0.000000000000000 0.000000000000000 0.000000000000000 0
285 0.000000000000000 0.000000000000000 0.000000000000000 0
286 0.000000000000000 0.000000000000000 0.000000000000000 0
287 0.000000000000000 0.000000000000000 0.000000000000000 0
288 0.000000000000000 0.000000000000000 0.000000000000000 0
289 0.000000000000000 0.000000000000000 0.000000000000000 0
290 0.000000000000000 0.000000000000000 0.000000000000000 0
291 0.000000000000000 0.000000000000000 0.000000000000000 0
292 0.000000000000000 0.000000000000000 0.000000000000000 0
293 0.000000000000000 0.000000000000000 0.000000000000000 0
294 0.000000000000000 0.000000000000000 0.000000000000000 0
295 0.000000000000000 0.000000000000000 0.000000000000000 0
296 0.000000000000000 0.000000000000000 0.000000000000000 0
297 0.000000000000000 0.000000000000000 0.000000000000000 0
298 0.000000000000000 0.000000000000000 0.000000000000000 0
299 0.000000000000000 0.000000000000000 0.000000000000000 0
300 0.000000000000000 0.000000000000000 0.000000000000000 0
301 0.000000000000000 0.000000000000000 0.000000000000000 0
302 0.000000000000000 0.000000000000000 0.000000000000000 0
303 0.000000000000000 0.000000000000000 0.000000000000000 0
304 0.000000000000000 0.000000000000000 0.000000000000000 0
305 0.000000000000000 0.000000000000000 0.000000000000000 0
306 0.000000000000000 0.000000000000000 0.000000000000000 0
307 0.000000000000000 0.000000000000000 0.000000000000000 0
308 0.000000000000000 0.000000000000000 0.000000000000000 0
309 0.000000000000000 0.000000000000000 0.000000000000000 0
310 0.000000000000000 0.000000000000000 0.000000000000000 0
311 0.000000000000000 0.000000000000000 0.000000000000000 0
312 0.000000000000000 0.000000000000000 0.000000000000000 0
313 0.000000000000000 0.000000000000000 0.000000000000000 0
314 0.000000000000000 0.000000000000000 0.000000000000000 0
315 0.000000000000000 0.000000000000000 0.000000000000000 0
316 0.000000000000000 0.000000000000000 0.000000000000000 0
317 0.000000000000000 0.000000000000000 0.000000000000000 0
318 0.000000000000000 0.000000000000000 0.000000000000000 0
319 0.000000000000000 0.000000000000000 0.000000000000000 0
320 0.000000000000000 0.000000000000000 0.000000000000000 0
321 0.000000000000000 0.000000000000000 0.000000000000000 0
322 0.000000000000000 0.000000000000000 0.000000000000000 0
323 0.000000000000000 0.000000000000000 0.000000000000000 0
324 0.000000000000000 0.000000000000000 0.000000000000000 0
325 0.000000000000000 0.000000000000000 0.000000000000000 0
326 0.000000000000000 0.000000000000000 0.000000000000000 0
327 0.000000000000000 0.000000000000000 0.000000000000000 0
328 0.000000000000000 0.000000000000000 0.000000000000000 0
329 0.000000000000000 0.000000000000000 0.000000000000000 0
330 0.000000000000000 0.000000000000000 0.000000000000000 0
331 0.000000000000000 0.000000000000000 0.000000000000000 0
332 0.000000000000000 0.000000000000000 0.000000000000000 0
333 0.000000000000000 0.000000000000000 0.000000000000000 0
334 0.000000000000000 0.000000000000000 0.000000000000000 0
335 0.000000000000000 0.000000000000000 0.000000000000000 0
336 0.000000000000000 0.000000000000000 0.000000000000000 0
337 0.000000000000000 0.000000000000000 0.000000000000000 0
338 0.000000000000000 0.000000000000000 0.000000000000000 0
339 0.000000000000000 0.000000000000000 0.000000000000000 0
340 0.000000000000000 0.000000000000000 0.000000000000000 0
341 0.000000000000000 0.000000000000000 0.000000000000000 0
342 0.000000000000000 0.000000000000000 0.000000000000000 0
343 0.000000000000000 0.000000000000000 0.000000000000000 0
344 0.000000000000000 0.000000000000000 0.000000000000000 0
345 0.000000000000000 0.000000000000000 0.000000000000000 0
346 0.000000000000000 0.000000000000000 0.000000000000000 0
347 0.000000000000000 0.000000000000000 0.000000000000000 0
348 0.000000000000000 0.000000000000000 0.000000000000000 0
349 0.000000000000000 0.000000000000000 0.000000000000000 0
350 0.000000000000000 0.000000000000000 0.000000000000000 0
351 0.000000000000000 0.000000000000000 0.000000000000000 0
352 0.000000000000000 0.000000000000000 0.000000000000000 0
353 0.000000000000000 0.000000000000000 0.000000000000000 0
354 0.000000000000000 0.000000000000000 0.000000000000000 0
355 0.000000000000000 0.000000000000000 0.000000000000000 0
356 0.000000000000000 0.000000000000000 0.000000000000000 0
357 0.000000000000000 0.000000000000000 0.000000000000000 0
358 0.000000000000000 0.000000000000000 0.000000000000000 0
359 0.000000000000000 0.000000000000000 0.000000000000000 0
360 0.000000000000000 0.000000000000000 0.000000000000000 0
361 0.000000000000000 0.000000000000000 0.000000000000000 0
362 0.000000000000000 0.000000000000000 0.000000000000000 0
363 0.000000000000000 0.000000000000000 0.000000000000000 0
364 0.000000000000000 0.000000000000000 0.000000000000000 0
365 0.000000000000000 0.000000000000000 0.000000000000000 0
366 0.000000000000000 0.000000000000000 0.000000000000000 0
367 0.000000000000000 0.000000000000000 0.000000000000000 0
368 0.000000000000000 0.000000000000000 0.000000000000000 0
369 0.000000000000000 0.000000000000000 0.000000000000000 0
370 0.000000000000000 0.000000000000000 0.000000000000000 0
371 0.000000000000000 0.000000000000000 0.000000000000000 0
372 0.000000000000000 0.000000000000000 0.000000000000000 0
373 0.000000000000000 0.000000000000000 0.000000000000000 0
374 0.000000000000000 0.000000000000000 0.000000000000000 0
375 0.000000000000000 0.000000000000000 0.000000000000000 0
376 0.000000000000000 0.000000000000000 0.000000000000000 0
377 0.000000000000000 0.000000000000000 0.000000000000000 0
378 0.000000000000000 0.000000000000000 0.000000000000000 0
379 0.000000000000000 0.000000000000000 0.000000000000000 0
380 0.000000000000000 0.000000000000000 0.000000000000000 0
381 0.000000000000000 0.000000000000000 0.000000000000000 0
382 0.000000000000000 0.000000000000000 0.000000000000000 0
383 0.000000000000000 0.000000000000000 0.000000000000000 0
384 0.000000000000000 0.000000000000000 0.000000000000000 0
385 0.000000000000000 0.000000000000000 0.000000000000000 0
386 0.000000000000000 0.000000000000000 0.000000000000000 0
387 0.000000000000000 0.000000000000000 0.000000000000000 0
388 0.000000000000000 0.000000000000000 0.000000000000000 0
389 0.000000000000000 0.000000000000000 0.000000000000000 0
390 0.000000000000000 0.000000000000000 0.000000000000000 0
391 0.000000000000000 0.000000000000000 0.000000000000000 0
392 0.000000000000000 0.000000000000000 0.000000000000000 0
393 0.000000000000000 0.000000000000000 0.000000000000000 0
394 0.000000000000000 0.000000000000000 0.000000000000000 0
395 0.000000000000000 0.000000000000000 0.000000000000000 0
396 0.000000000000000 0.000000000000000 0.000000000000000 0
397 0.000000000000000 0.000000000000000 0.000000000000000 0
398 0.000000000000000 0.000000000000000 0.000000000000000 0
399 0.000000000000000 0.000000000000000 0.000000000000000 0
400 0.000000000000000 0.000000000000000 0.000000000000000 0
401 0.000000000000000 0.000000000000000 0.000000000000000 0
402 0.000000000000000 0.000000000000000 0.000000000000000 0
403 0.000000000000000 0.000000000000000 0.000000000000000 0
404 0.000000000000000 0.000000000000000 0.000000000000000 0
405 0.000000000000000 0.000000000000000 0.000000000000000 0
406 0.000000000000000 0.000000000000000 0.000000000000000 0
407 0.000000000000000 0.000000000000000 0.000000000000000 0
408 0.000000000000000 0.000000000000000 0.000000000000000 0
409 0.000000000000000 0.000000000000000 0.000000000000000 0
410 0.000000000000000 0.000000000000000 0.000000000000000 0
411 0.000000000000000 0.000000000000000 0.000000000000000 0
412 0.000000000000000 0.000000000000000 0.000000000000000 0
413 0.000000000000000 0.000000000000000 0.000000000000000 0
414 0.000000000000000 0.000000000000000 0.000000000000000 0
415 0.000000000000000 0.000000000000000 0.000000000000000 0
416 0.000000000000000 0.000000000000000 0.000000000000000 0
417 0.000000000000000 0.000000000000000 0.000000000000000 0
418 0.000000000000000 0.000000000000000 0.000000000000000 0
419 0.000000000000000 0.000000000000000 0.000000000000000 0
420 0.000000000000000 0.000000000000000 0.000000000000000 0
421 0.000000000000000 0.000000000000000 0.000000000000000 0
422 0.000000000000000 0.000000000000000 0.000000000000000 0
423 0.000000000000000 0.000000000000000 0.000000000000000 0
424 0.000000000000000 0.000000000000000 0.000000000000000 0
425 0.000000000000000 0.000000000000000 0.000000000000000 0
426 0.000000000000000 0.000000000000000 0.000000000000000 0
427 0.000000000000000 0.000000000000000 0.000000000000000 0
428 0.000000000000000 0.000000000000000 0.000000000000000 0
429 0.000000000000000 0.000000000000000 0.000000000000000 0
430 0.000000000000000 0.000000000000000 0.000000000000000 0
431 0.000000000000000 0.000000000000000 0.000000000000000 0
432 0.000000000000000 0.000000000000000 0.000000000000000 0
433 0.000000000000000 0.000000000000000 0.000000000000000 0
434 0.000000000000000 0.000000000000000 0.000000000000000 0
435 0.000000000000000 0.000000000000000 0.000000000000000 0
436 0.000000000000000 0.000000000000000 0.000000000000000 0
437 0.000000000000000 0.000000000000000 0.000000000000000 0
438 0.000000000000000 0.000000000000000 0.000000000000000 0
439 0.000000000000000 0.000000000000000 0.000000000000000 0
440 0.000000000000000 0.000000000000000 0.000000000000000 0
441 0.000000000000000 0.000000000000000 0.000000000000000 0
442 0.000000000000000 0.000000000000000 0.000000000000000 0
443 0.000000000000000 0.000000000000000 0.000000000000000 0
444 0.000000000000000 0.000000000000000 0.000000000000000 0
445 0.000000000000000 0.000000000000000 0.000000000000000 0
446 0.000000000000000 0.000000000000000 0.000000000000000 0
447 0.000000000000000 0.000000000000000 0.000000000000000 0
448 0.000000000000000 0.000000000000000 0.000000000000000 0
449 0.000000000000000 0.000000000000000 0.000000000000000 0
450 0.000000000000000 0.000000000000000 0.000000000000000 0
451 0.000000000000000 0.000000000000000 0.000000000000000 0
452 0.000000000000000 0.000000000000000 0.000000000000000 0
453 0.000000000000000 0.000000000000000 0.000000000000000 0
454 0.000000000000000 0.000000000000000 0.000000000000000 0
455 0.000000000000000 0.000000000000000 0.000000000000000 0
456 0.000000000000000 0.000000000000000 0.000000000000000 0
457 0.000000000000000 0.000000000000000 0.000000000000000 0
458 0.000000000000000 0.000000000000000 0.000000000000000 0
459 0.000000000000000 0.000000000000000 0.000000000000000 0
460 0.000000000000000 0.000000000000000 0.000000000000000 0
461 0.000000000000000 0.000000000000000 0.000000000000000 0
462 0.000000000000000 0.000000000000000 0.000000000000000 0
463 0.000000000000000 0.000000000000000 0.000000000000000 0
464 0.000000000000000 0.000000000000000 0.000000000000000 0
465 0.000000000000000 0.000000000000000 0.000000000000000 0
466 0.000000000000000 0.000000000000000 0.000000000000000 0
467 0.000000000000000 0.000000000000000 0.000000000000000 0
468 0.000000000000000 0.000000000000000 0.000000000000000 0
469 0.000000000000000 0.000000000000000 0.000000000000000 0
470 0.000000000000000 0.000000000000000 0.000000000000000 0
471 0.000000000000000 0.000000000000000 0.000000000000000 0
472 0.000000000000000 0.000000000000000 0.000000000000000 0
473 0.000000000000000 0.000000000000000 0.000000000000000 0
474 0.000000000000000 0.000000000000000 0.000000000000000 0
475 0.000000000000000 0.000000000000000 0.000000000000000 0
476 0.000000000000000 0.000000000000000 0.000000000000000 0
477 0.000000000000000 0.000000000000000 0.000000000000000 0
478 0.000000000000000 0.000000000000000 0.000000000000000 0
479 0.000000000000000 0.000000000000000 0.000000000000000 0
480 0.000000000000000 0.000000000000000 0.000000000000000 0
481 0.000000000000000 0.000000000000000 0.000000000000000 0
482 0.000000000000000 0.000000000000000 0.000000000000000 0
483 0.000000000000000 0.000000000000000 0.000000000000000 0
484 0.000000000000000 0.000000000000000 0.000000000000000 0
485 0.000000000000000 0.000000000000000 0.000000000000000 0
486 0.000000000000000 0.000000000000000 0.000000000000000 0
487 0.000000000000000 0.000000000000000 0.000000000000000 0
488 0.000000000000000 0.000000000000000 0.000000000000000 0
489 0.000000000000000 0.000000000000000 0.000000000000000 0
490 0.000000000000000 0.000000000000000 0.000000000000000 0
491 0.000000000000000 0.000000000000000 0.000000000000000 0
492 0.000000000000000 0.000000000000000 0.000000000000000 0
493 0.000000000000000 0.000000000000000 0.000000000000000 0
494 0.000000000000000 0.000000000000000 0.000000000000000 0
495 0.000000000000000 0.000000000000000 0.000000000000000 0
496 0.000000000000000 0.000000000000000 0.000000000000000 0
497 0.000000000000000 0.000000000000000 0.000000000000000 0
498 0.000000000000000 0.000000000000000 0.000000000000000 0
499 0.000000000000000 0.000000000000000 0.000000000000000 0
500 0.000000000000000 0.000000000000000 0.000000000000000 0
501 0.000000000000000 0.000000000000000 0.000000000000000 0
502 0.000000000000000 0.000000000000000 0.000000000000000 0
503 0.000000000000000 0.000000000000000 0.000000000000000 0
504 0.000000000000000 0.000000000000000 0.000000000000000 0
505 0.000000000000000 0.000000000000000 0.000000000000000 0
506 0.000000000000000 0.000000000000000 0.000000000000000 0
507 0.000000000000000 0.000000000000000 0.000000000000000 0
508 0.000000000000000 0.000000000000000 0.000000000000000 0
509 0.000000000000000 0.000000000000000 0.000000000000000 0
510 0.000000000000000 0.000000000000000 0.000000000000000 0
511 0.000000000000000 0.000000000000000 0.000000000000000 0
