0 0.000000000000000 0.000000000000000 0.000000000000000 0
1 0.254023437500000 17.506098794997058 0.000000000000000 100
2 0.160175781250000 17.032217050802593 0.429441288745953 100
3 0.107343750000000 17.337333384732425 0.391870880409157 100
4 0.076494140625000 17.889364592742240 0.361230454096106 100
5 0.057490234375000 18.600963767897024 0.343712108962752 100
6 0.045341796875000 19.316240316299062 0.326431512989904 100
7 0.036875000000000 19.869057395800215 0.315559647360527 100
8 0.027919921875000 20.153199227306015 0.303035553557648 100
9 0.024560546875000 20.954311078125848 0.284820415217875 100
10 0.021005859375000 20.765038484330493 0.272533336904808 100
11 0.017578125000000 21.044962007944388 0.258341960915514 100
12 0.015087890625000 21.433474083733355 0.259665411663067 100
13 0.013769531250000 21.519080742786301 0.247245342165387 100
14 0.012324218750000 22.290332288644812 0.240146354863303 100
15 0.010927734375000 22.315851523811599 0.237579977161191 100
16 0.009511718750000 22.172692296112793 0.230496781982995 100
17 0.008691406250000 23.026975852462552 0.234413561390361 100
18 0.007294921875000 23.088059597809593 0.222090778865289 100
19 0.006474609375000 22.634402274625948 0.215724310776942 100
20 0.006435546875000 23.101608523279442 0.205864454348611 98
21 0.006201171875000 22.776114401471542 0.209614528857386 100
22 0.005058593750000 23.256578725567355 0.203883219954649 100
23 0.004550781250000 24.093349994074629 0.201923716745851 99
24 0.004160156250000 23.199145175089189 0.189802035516483 96
25 0.004287109375000 23.406625300625290 0.184922211533323 99
26 0.003945312500000 23.744171578707661 0.187551389046234 97
27 0.003027343750000 23.651860033818799 0.183061335380923 97
28 0.003193359375000 24.107535007130004 0.183104909266749 97
29 0.002900390625000 23.914607773432870 0.178750807112749 97
30 0.002714843750000 23.606303916494134 0.175132850241546 92
31 0.002363281250000 23.924035919694209 0.183767400183379 86
32 0.002412109375000 23.688383877257806 0.168605080380317 87
33 0.002070312500000 24.645319264069254 0.171414223402860 88
34 0.002197265625000 24.002130968666538 0.162509203822473 86
35 0.001708984375000 23.976452380952388 0.162731442577031 80
36 0.001757812500000 24.656611336946703 0.164659633501097 82
37 0.001630859375000 25.462785388127848 0.162944965513459 73
38 0.001718750000000 23.910606546854947 0.160612432531560 82
39 0.001435546875000 25.427952091767867 0.160096597769728 76
40 0.001376953125000 24.298254219409287 0.154380882830250 79
41 0.001259765625000 24.869355847404631 0.151688555347092 65
42 0.001035156250000 25.360577200577197 0.151177981909689 55
43 0.001191406250000 25.683437922972807 0.157974300831444 63
44 0.001093750000000 24.419125874125871 0.147144251097739 65
45 0.001044921875000 26.818997445721578 0.166546209218623 58
46 0.001005859375000 25.429408212560382 0.151894495139262 54
47 0.000917968750000 25.862391646966124 0.150423704617352 54
48 0.000751953125000 24.982400599128542 0.140657592824364 51
49 0.000732421875000 26.203285569546978 0.145880071886911 47
50 0.000791015625000 25.249765432098769 0.141555051650290 54
51 0.000761718750000 24.630889161220043 0.134564270152505 48
52 0.000712890625000 24.781045020870604 0.133289779835607 43
53 0.000664062500000 24.830115547754865 0.139984923661975 43
54 0.000566406250000 24.867210464432684 0.127447228600268 42
55 0.000585937500000 25.594077134986232 0.132389552086522 44
56 0.000458984375000 26.906377551020412 0.143008658008658 35
57 0.000498046875000 25.583649438912591 0.135264964212333 37
58 0.000468750000000 28.012931034482754 0.139149358069503 36
59 0.000488281250000 27.028123961448983 0.140081193202003 34
60 0.000439453125000 25.445910493827167 0.123726197949362 36
61 0.000478515625000 25.839462413232912 0.128629449121252 37
62 0.000429687500000 26.331989247311824 0.124791008979269 33
63 0.000292968750000 27.488042328042326 0.130803891449053 25
64 0.000292968750000 25.665638706140353 0.125652673350042 19
65 0.000292968750000 25.967384615384621 0.127211538461539 25
66 0.000341796875000 26.343975468975461 0.121839271839272 28
67 0.000273437500000 26.387437810945272 0.115973164480627 24
68 0.000292968750000 25.957516339869287 0.121736090787891 27
69 0.000224609375000 26.544202898550729 0.123976982097187 20
70 0.000224609375000 26.980672268907565 0.115645678561279 17
71 0.000156250000000 28.725893824485372 0.133199195171026 13
72 0.000224609375000 26.230208333333330 0.125640649452269 20
73 0.000234375000000 27.550342465753424 0.112509512937595 20
74 0.000195312500000 27.760135135135133 0.122691184335020 18
75 0.000175781250000 29.451904761904764 0.133642213642214 14
76 0.000185546875000 27.538304093567255 0.115801169590643 15
77 0.000117187500000 25.174734356552538 0.105263157894737 11
78 0.000156250000000 26.524267399267394 0.117156652870939 14
79 0.000117187500000 27.141772151898731 0.105371632586822 10
80 0.000224609375000 27.659320175438594 0.113596491228070 19
81 0.000097656250000 25.274074074074072 0.099290123456790 10
82 0.000136718750000 25.751742160278749 0.104551124876328 14
83 0.000097656250000 28.165060240963857 0.117895974140464 10
84 0.000087890625000 29.105442176870749 0.117264978280469 7
85 0.000048828125000 25.536764705882355 0.107808123249300 4
86 0.000048828125000 26.209302325581394 0.107961696306429 5
87 0.000058593750000 29.668582375478923 0.124031007751938 6
88 0.000068359375000 30.963068181818183 0.120646116335771 6
89 0.000039062500000 27.244382022471910 0.120786516853933 4
90 0.000019531250000 28.561111111111110 0.109113607990013 2
91 0.000029296875000 22.069597069597069 0.073097273097273 3
92 0.000078125000000 28.895833333333332 0.110945214206084 6
93 0.000107421875000 25.973715651135006 0.090350284833688 9
94 0.000068359375000 25.614361702127656 0.096983909097842 6
95 0.000048828125000 33.451315789473682 0.130515117581187 4
96 0.000048828125000 24.516666666666666 0.092631578947369 5
97 0.000078125000000 23.320324005891017 0.083670839469809 7
98 0.000029296875000 28.105442176870749 0.112490356967529 3
99 0.000009765625000 24.525252525252526 0.104308390022676 1
100 0.000058593750000 27.184999999999995 0.108343434343434 5
101 0.000019531250000 20.301980198019802 0.071881188118812 2
102 0.000029296875000 31.068627450980397 0.113958454668996 3
103 0.000019531250000 29.888349514563103 0.120788121073672 2
104 0.000039062500000 19.557692307692310 0.061006348020911 4
105 0.000009765625000 23.495238095238093 0.081318681318681 1
106 0.000029296875000 27.792452830188680 0.102964959568733 3
107 0.000000000000000 0.000000000000000 0.000000000000000 0
108 0.000009765625000 13.796296296296296 0.046902042229145 1
109 0.000009765625000 14.394495412844037 0.035507985049269 1
110 0.000019531250000 31.377272727272725 0.109341117597998 2
111 0.000000000000000 0.000000000000000 0.000000000000000 0
112 0.000000000000000 0.000000000000000 0.000000000000000 0
113 0.000019531250000 16.451327433628318 0.053808470290771 2
114 0.000019531250000 28.508771929824562 0.108213010402111 2
115 0.000000000000000 0.000000000000000 0.000000000000000 0
116 0.000029296875000 28.174568965517246 0.109482758620689 2
117 0.000000000000000 0.000000000000000 0.000000000000000 0
118 0.000000000000000 0.000000000000000 0.000000000000000 0
119 0.000000000000000 0.000000000000000 0.000000000000000 0
120 0.000009765625000 34.049999999999997 0.120868347338936 1
121 0.000000000000000 0.000000000000000 0.000000000000000 0
122 0.000000000000000 0.000000000000000 0.000000000000000 0
123 0.000000000000000 0.000000000000000 0.000000000000000 0
124 0.000009765625000 36.532258064516128 0.130868082874377 1
125 0.000000000000000 0.000000000000000 0.000000000000000 0
126 0.000009765625000 29.841269841269842 0.115555555555556 1
127 0.000009765625000 33.842519685039370 0.136732908386452 1
128 0.000009765625000 27.109375000000000 0.113804133858268 1
129 0.000000000000000 0.000000000000000 0.000000000000000 0
130 0.000000000000000 0.000000000000000 0.000000000000000 0
131 0.000000000000000 0.000000000000000 0.000000000000000 0
132 0.000000000000000 0.000000000000000 0.000000000000000 0
133 0.000000000000000 0.000000000000000 0.000000000000000 0
134 0.000000000000000 0.000000000000000 0.000000000000000 0
135 0.000000000000000 0.000000000000000 0.000000000000000 0
136 0.000000000000000 0.000000000000000 0.000000000000000 0
137 0.000000000000000 0.000000000000000 0.000000000000000 0
138 0.000000000000000 0.000000000000000 0.000000000000000 0
139 0.000000000000000 0.000000000000000 0.000000000000000 0
140 0.000000000000000 0.000000000000000 0.000000000000000 0
141 0.000000000000000 0.000000000000000 0.000000000000000 0
142 0.000000000000000 0.000000000000000 0.000000000000000 0
143 0.000000000000000 0.000000000000000 0.000000000000000 0
144 0.000000000000000 0.000000000000000 0.000000000000000 0
145 0.000000000000000 0.000000000000000 0.000000000000000 0
146 0.000000000000000 0.000000000000000 0.000000000000000 0
147 0.000000000000000 0.000000000000000 0.000000000000000 0
148 0.000000000000000 0.000000000000000 0.000000000000000 0
149 0.000000000000000 0.000000000000000 0.000000000000000 0
150 0.000000000000000 0.000000000000000 0.000000000000000 0
151 0.000000000000000 0.000000000000000 0.000000000000000 0
152 0.000000000000000 0.000000000000000 0.000000000000000 0
153 0.000000000000000 0.000000000000000 0.000000000000000 0
154 0.000000000000000 0.000000000000000 0.000000000000000 0
155 0.000000000000000 0.000000000000000 0.000000000000000 0
156 0.000000000000000 0.000000000000000 0.000000000000000 0
157 0.000000000000000 0.000000000000000 0.000000000000000 0
158 0.000000000000000 0.000000000000000 0.000000000000000 0
159 0.000000000000000 0.000000000000000 0.000000000000000 0
160 0.000000000000000 0.000000000000000 0.000000000000000 0
161 0.000000000000000 0.000000000000000 0.000000000000000 0
162 0.000000000000000 0.000000000000000 0.000000000000000 0
163 0.000000000000000 0.000000000000000 0.000000000000000 0
164 0.000000000000000 0.000000000000000 0.000000000000000 0
165 0.000000000000000 0.000000000000000 0.000000000000000 0
166 0.000000000000000 0.000000000000000 0.000000000000000 0
167 0.000000000000000 0.000000000000000 0.000000000000000 0
168 0.000000000000000 0.000000000000000 0.000000000000000 0
169 0.000000000000000 0.000000000000000 0.000000000000000 0
170 0.000000000000000 0.000000000000000 0.000000000000000 0
171 0.000000000000000 0.000000000000000 0.000000000000000 0
172 0.000000000000000 0.000000000000000 0.000000000000000 0
173 0.000000000000000 0.000000000000000 0.000000000000000 0
174 0.000000000000000 0.000000000000000 0.000000000000000 0
175 0.000000000000000 0.000000000000000 0.000000000000000 0
176 0.000000000000000 0.000000000000000 0.000000000000000 0
177 0.000000000000000 0.000000000000000 0.000000000000000 0
178 0.000000000000000 0.000000000000000 0.000000000000000 0
179 0.000000000000000 0.000000000000000 0.000000000000000 0
180 0.000000000000000 0.000000000000000 0.000000000000000 0
181 0.000000000000000 0.000000000000000 0.000000000000000 0
182 0.000000000000000 0.000000000000000 0.000000000000000 0
183 0.000000000000000 0.000000000000000 0.000000000000000 0
184 0.000000000000000 0.000000000000000 0.000000000000000 0
185 0.000000000000000 0.000000000000000 0.000000000000000 0
186 0.000000000000000 0.000000000000000 0.000000000000000 0
187 0.000000000000000 0.000000000000000 0.000000000000000 0
188 0.000000000000000 0.000000000000000 0.000000000000000 0
189 0.000000000000000 0.000000000000000 0.000000000000000 0
190 0.000000000000000 0.000000000000000 0.000000000000000 0
191 0.000000000000000 0.000000000000000 0.000000000000000 0
192 0.000000000000000 0.000000000000000 0.000000000000000 0
193 0.000000000000000 0.000000000000000 0.000000000000000 0
194 0.000000000000000 0.000000000000000 0.000000000000000 0
195 0.000000000000000 0.000000000000000 0.000000000000000 0
196 0.000000000000000 0.000000000000000 0.000000000000000 0
197 0.000000000000000 0.000000000000000 0.000000000000000 0
198 0.000000000000000 0.000000000000000 0.000000000000000 0
199 0.000000000000000 0.000000000000000 0.000000000000000 0
200 0.000000000000000 0.000000000000000 0.000000000000000 0
201 0.000000000000000 0.000000000000000 0.000000000000000 0
202 0.000000000000000 0.000000000000000 0.000000000000000 0
203 0.000000000000000 0.000000000000000 0.000000000000000 0
204 0.000000000000000 0.000000000000000 0.000000000000000 0
205 0.000000000000000 0.000000000000000 0.000000000000000 0
206 0.000000000000000 0.000000000000000 0.000000000000000 0
207 0.000000000000000 0.000000000000000 0.000000000000000 0
208 0.000000000000000 0.000000000000000 0.000000000000000 0
209 0.000000000000000 0.000000000000000 0.000000000000000 0
210 0.000000000000000 0.000000000000000 0.000000000000000 0
211 0.000000000000000 0.000000000000000 0.000000000000000 0
212 0.000000000000000 0.000000000000000 0.000000000000000 0
213 0.000000000000000 0.000000000000000 0.000000000000000 0
214 0.000000000000000 0.000000000000000 0.000000000000000 0
215 0.000000000000000 0.000000000000000 0.000000000000000 0
216 0.000000000000000 0.000000000000000 0.000000000000000 0
217 0.000000000000000 0.000000000000000 0.000000000000000 0
218 0.000000000000000 0.000000000000000 0.000000000000000 0
219 0.000000000000000 0.000000000000000 0.000000000000000 0
220 0.000000000000000 0.000000000000000 0.000000000000000 0
221 0.000000000000000 0.000000000000000 0.000000000000000 0
222 0.000000000000000 0.000000000000000 0.000000000000000 0
223 0.000000000000000 0.000000000000000 0.000000000000000 0
224 0.000000000000000 0.000000000000000 0.000000000000000 0
225 0.000000000000000 0.000000000000000 0.000000000000000 0
226 0.000000000000000 0.000000000000000 0.000000000000000 0
227 0.000000000000000 0.000000000000000 0.000000000000000 0
228 0.000000000000000 0.000000000000000 0.000000000000000 0
229 0.000000000000000 0.000000000000000 0.000000000000000 0
230 0.000000000000000 0.000000000000000 0.000000000000000 0
231 0.000000000000000 0.000000000000000 0.000000000000000 0
232 0.000000000000000 0.000000000000000 0.000000000000000 0
233 0.000000000000000 0.000000000000000 0.000000000000000 0
234 0.000000000000000 0.000000000000000 0.000000000000000 0
235 0.000000000000000 0.000000000000000 0.000000000000000 0
236 0.000000000000000 0.000000000000000 0.000000000000000 0
237 0.000000000000000 0.000000000000000 0.000000000000000 0
238 0.000000000000000 0.000000000000000 0.000000000000000 0
239 0.000000000000000 0.000000000000000 0.000000000000000 0
240 0.000000000000000 0.000000000000000 0.000000000000000 0
241 0.000000000000000 0.000000000000000 0.000000000000000 0
242 0.000000000000000 0.000000000000000 0.000000000000000 0
243 0.000000000000000 0.000000000000000 0.000000000000000 0
244 0.000000000000000 0.000000000000000 0.000000000000000 0
245 0.000000000000000 0.000000000000000 0.000000000000000 0
246 0.000000000000000 0.000000000000000 0.000000000000000 0
247 0.000000000000000 0.000000000000000 0.000000000000000 0
248 0.000000000000000 0.000000000000000 0.000000000000000 0
249 0.000000000000000 0.000000000000000 0.000000000000000 0
250 0.000000000000000 0.000000000000000 0.000000000000000 0
251 0.000000000000000 0.000000000000000 0.000000000000000 0
252 0.000000000000000 0.000000000000000 0.000000000000000 0
253 0.000000000000000 0.000000000000000 0.000000000000000 0
254 0.000000000000000 0.000000000000000 0.000000000000000 0
255 0.000000000000000 0.000000000000000 0.000000000000000 0
256 0.000000000000000 0.000000000000000 0.000000000000000 0
257 0.000000000000000 0.000000000000000 0.000000000000000 0
258 0.000000000000000 0.000000000000000 0.000000000000000 0
259 0.000000000000000 0.000000000000000 0.000000000000000 0
260 0.000000000000000 0.000000000000000 0.000000000000000 0
261 0.000000000000000 0.000000000000000 0.000000000000000 0
262 0.000000000000000 0.000000000000000 0.000000000000000 0
263 0.000000000000000 0.000000000000000 0.000000000000000 0
264 0.000000000000000 0.000000000000000 0.000000000000000 0
265 0.000000000000000 0.000000000000000 0.000000000000000 0
266 0.000000000000000 0.000000000000000 0.000000000000000 0
267 0.000000000000000 0.000000000000000 0.000000000000000 0
268 0.000000000000000 0.000000000000000 0.000000000000000 0
269 0.000000000000000 0.000000000000000 0.000000000000000 0
270 0.000000000000000 0.000000000000000 0.000000000000000 0
271 0.000000000000000 0.000000000000000 0.000000000000000 0
272 0.000000000000000 0.000000000000000 0.000000000000000 0
273 0.000000000000000 0.000000000000000 0.000000000000000 0
274 0.000000000000000 0.000000000000000 0.000000000000000 0
275 0.000000000000000 0.000000000000000 0.000000000000000 0
276 0.000000000000000 0.000000000000000 0.000000000000000 0
277 0.000000000000000 0.000000000000000 0.000000000000000 0
278 0.000000000000000 0.000000000000000 0.000000000000000 0
279 0.000000000000000 0.000000000000000 0.000000000000000 0
280 0.000000000000000 0.000000000000000 0.000000000000000 0
281 0.000000000000000 0.000000000000000 0.000000000000000 0
282 0.000000000000000 0.000000000000000 0.000000000000000 0
283 0.000000000000000 0.000000000000000 0.000000000000000 0
284 0.000000000000000 0.000000000000000 0.000000000000000 0
285 0.000000000000000 0.000000000000000 0.000000000000000 0
286 0.000000000000000 0.000000000000000 0.000000000000000 0
287 0.000000000000000 0.000000000000000 0.000000000000000 0
288 0.000000000000000 0.000000000000000 0.000000000000000 0
289 0.000000000000000 0.000000000000000 0.000000000000000 0
290 0.000000000000000 0.000000000000000 0.000000000000000 0
291 0.000000000000000 0.000000000000000 0.000000000000000 0
292 0.000000000000000 0.000000000000000 0.000000000000000 0
293 0.000000000000000 0.000000000000000 0.000000000000000 0
294 0.000000000000000 0.000000000000000 0.000000000000000 0
295 0.000000000000000 0.000000000000000 0.000000000000000 0
296 0.000000000000000 0.000000000000000 0.000000000000000 0
297 0.000000000000000 0.000000000000000 0.000000000000000 0
298 0.000000000000000 0.000000000000000 0.000000000000000 0
299 0.000000000000000 0.000000000000000 0.000000000000000 0
300 0.000000000000000 0.000000000000000 0.000000000000000 0
301 0.000000000000000 0.000000000000000 0.000000000000000 0
302 0.000000000000000 0.000000000000000 0.000000000000000 0
303 0.000000000000000 0.000000000000000 0.000000000000000 0
304 0.000000000000000 0.000000000000000 0.000000000000000 0
305 0.000000000000000 0.000000000000000 0.000000000000000 0
306 0.000000000000000 0.000000000000000 0.000000000000000 0
307 0.000000000000000 0.000000000000000 0.000000000000000 0
308 0.000000000000000 0.000000000000000 0.000000000000000 0
309 0.000000000000000 0.000000000000000 0.000000000000000 0
310 0.000000000000000 0.000000000000000 0.000000000000000 0
311 0.000000000000000 0.000000000000000 0.000000000000000 0
312 0.000000000000000 0.000000000000000 0.000000000000000 0
313 0.000000000000000 0.000000000000000 0.000000000000000 0
314 0.000000000000000 0.000000000000000 0.000000000000000 0
315 0.000000000000000 0.000000000000000 0.000000000000000 0
316 0.000000000000000 0.000000000000000 0.000000000000000 0
317 0.000000000000000 0.000000000000000 0.000000000000000 0
318 0.000000000000000 0.000000000000000 0.000000000000000 0
319 0.000000000000000 0.000000000000000 0.000000000000000 0
320 0.000000000000000 0.000000000000000 0.000000000000000 0
321 0.000000000000000 0.000000000000000 0.000000000000000 0
322 0.000000000000000 0.000000000000000 0.000000000000000 0
323 0.000000000000000 0.000000000000000 0.000000000000000 0
324 0.000000000000000 0.000000000000000 0.000000000000000 0
325 0.000000000000000 0.000000000000000 0.000000000000000 0
326 0.000000000000000 0.000000000000000 0.000000000000000 0
327 0.000000000000000 0.000000000000000 0.000000000000000 0
328 0.000000000000000 0.000000000000000 0.000000000000000 0
329 0.000000000000000 0.000000000000000 0.000000000000000 0
330 0.000000000000000 0.000000000000000 0.000000000000000 0
331 0.000000000000000 0.000000000000000 0.000000000000000 0
332 0.000000000000000 0.000000000000000 0.000000000000000 0
333 0.000000000000000 0.000000000000000 0.000000000000000 0
334 0.000000000000000 0.000000000000000 0.000000000000000 0
335 0.000000000000000 0.000000000000000 0.000000000000000 0
336 0.000000000000000 0.000000000000000 0.000000000000000 0
337 0.000000000000000 0.000000000000000 0.000000000000000 0
338 0.000000000000000 0.000000000000000 0.000000000000000 0
339 0.000000000000000 0.000000000000000 0.000000000000000 0
340 0.000000000000000 0.000000000000000 0.000000000000000 0
341 0.000000000000000 0.000000000000000 0.000000000000000 0
342 0.000000000000000 0.000000000000000 0.000000000000000 0
343 0.000000000000000 0.000000000000000 0.000000000000000 0
344 0.000000000000000 0.000000000000000 0.000000000000000 0
345 0.000000000000000 0.000000000000000 0.000000000000000 0
346 0.000000000000000 0.000000000000000 0.000000000000000 0
347 0.000000000000000 0.000000000000000 0.000000000000000 0
348 0.000000000000000 0.000000000000000 0.000000000000000 0
349 0.000000000000000 0.000000000000000 0.000000000000000 0
350 0.000000000000000 0.000000000000000 0.000000000000000 0
351 0.000000000000000 0.000000000000000 0.000000000000000 0
352 0.000000000000000 0.000000000000000 0.000000000000000 0
353 0.000000000000000 0.000000000000000 0.000000000000000 0
354 0.000000000000000 0.000000000000000 0.000000000000000 0
355 0.000000000000000 0.000000000000000 0.000000000000000 0
356 0.000000000000000 0.000000000000000 0.000000000000000 0
357 0.000000000000000 0.000000000000000 0.000000000000000 0
358 0.000000000000000 0.000000000000000 0.000000000000000 0
359 0.000000000000000 0.000000000000000 0.000000000000000 0
360 0.000000000000000 0.000000000000000 0.000000000000000 0
361 0.000000000000000 0.000000000000000 0.000000000000000 0
362 0.000000000000000 0.000000000000000 0.000000000000000 0
363 0.000000000000000 0.000000000000000 0.000000000000000 0
364 0.000000000000000 0.000000000000000 0.000000000000000 0
365 0.000000000000000 0.000000000000000 0.000000000000000 0
366 0.000000000000000 0.000000000000000 0.000000000000000 0
367 0.000000000000000 0.000000000000000 0.000000000000000 0
368 0.000000000000000 0.000000000000000 0.000000000000000 0
369 0.000000000000000 0.000000000000000 0.000000000000000 0
370 0.000000000000000 0.000000000000000 0.000000000000000 0
371 0.000000000000000 0.000000000000000 0.000000000000000 0
372 0.000000000000000 0.000000000000000 0.000000000000000 0
373 0.000000000000000 0.000000000000000 0.000000000000000 0
374 0.000000000000000 0.000000000000000 0.000000000000000 0
375 0.000000000000000 0.000000000000000 0.000000000000000 0
376 0.000000000000000 0.000000000000000 0.000000000000000 0
377 0.000000000000000 0.000000000000000 0.000000000000000 0
378 0.000000000000000 0.000000000000000 0.000000000000000 0
379 0.000000000000000 0.000000000000000 0.000000000000000 0
380 0.000000000000000 0.000000000000000 0.000000000000000 0
381 0.000000000000000 0.000000000000000 0.000000000000000 0
382 0.000000000000000 0.000000000000000 0.000000000000000 0
383 0.000000000000000 0.000000000000000 0.000000000000000 0
384 0.000000000000000 0.000000000000000 0.000000000000000 0
385 0.000000000000000 0.000000000000000 0.000000000000000 0
386 0.000000000000000 0.000000000000000 0.000000000000000 0
387 0.000000000000000 0.000000000000000 0.000000000000000 0
388 0.000000000000000 0.000000000000000 0.000000000000000 0
389 0.000000000000000 0.000000000000000 0.000000000000000 0
390 0.000000000000000 0.000000000000000 0.000000000000000 0
391 0.000000000000000 0.000000000000000 0.000000000000000 0
392 0.000000000000000 0.000000000000000 0.000000000000000 0
393 0.000000000000000 0.000000000000000 0.000000000000000 0
394 0.000000000000000 0.000000000000000 0.000000000000000 0
395 0.000000000000000 0.000000000000000 0.000000000000000 0
396 0.000000000000000 0.000000000000000 0.000000000000000 0
397 0.000000000000000 0.000000000000000 0.000000000000000 0
398 0.000000000000000 0.000000000000000 0.000000000000000 0
399 0.000000000000000 0.000000000000000 0.000000000000000 0
400 0.000000000000000 0.000000000000000 0.000000000000000 0
401 0.000000000000000 0.000000000000000 0.000000000000000 0
402 0.000000000000000 0.000000000000000 0.000000000000000 0
403 0.000000000000000 0.000000000000000 0.000000000000000 0
404 0.000000000000000 0.000000000000000 0.000000000000000 0
405 0.000000000000000 0.000000000000000 0.000000000000000 0
406 0.000000000000000 0.000000000000000 0.000000000000000 0
407 0.000000000000000 0.000000000000000 0.000000000000000 0
408 0.000000000000000 0.000000000000000 0.000000000000000 0
409 0.000000000000000 0.000000000000000 0.000000000000000 0
410 0.000000000000000 0.000000000000000 0.000000000000000 0
411 0.000000000000000 0.000000000000000 0.000000000000000 0
412 0.000000000000000 0.000000000000000 0.000000000000000 0
413 0.000000000000000 0.000000000000000 0.000000000000000 0
414 0.000000000000000 0.000000000000000 0.000000000000000 0
415 0.000000000000000 0.000000000000000 0.000000000000000 0
416 0.000000000000000 0.000000000000000 0.000000000000000 0
417 0.000000000000000 0.000000000000000 0.000000000000000 0
418 0.000000000000000 0.000000000000000 0.000000000000000 0
419 0.000000000000000 0.000000000000000 0.000000000000000 0
420 0.000000000000000 0.000000000000000 0.000000000000000 0
421 0.000000000000000 0.000000000000000 0.000000000000000 0
422 0.000000000000000 0.000000000000000 0.000000000000000 0
423 0.000000000000000 0.000000000000000 0.000000000000000 0
424 0.000000000000000 0.000000000000000 0.000000000000000 0
425 0.000000000000000 0.000000000000000 0.000000000000000 0
426 0.000000000000000 0.000000000000000 0.000000000000000 0
427 0.000000000000000 0.000000000000000 0.000000000000000 0
428 0.000000000000000 0.000000000000000 0.000000000000000 0
429 0.000000000000000 0.000000000000000 0.000000000000000 0
430 0.000000000000000 0.000000000000000 0.000000000000000 0
431 0.000000000000000 0.000000000000000 0.000000000000000 0
432 0.000000000000000 0.000000000000000 0.000000000000000 0
433 0.000000000000000 0.000000000000000 0.000000000000000 0
434 0.000000000000000 0.000000000000000 0.000000000000000 0
435 0.000000000000000 0.000000000000000 0.000000000000000 0
436 0.000000000000000 0.000000000000000 0.000000000000000 0
437 0.000000000000000 0.000000000000000 0.000000000000000 0
438 0.000000000000000 0.000000000000000 0.000000000000000 0
439 0.000000000000000 0.000000000000000 0.000000000000000 0
440 0.000000000000000 0.000000000000000 0.000000000000000 0
441 0.000000000000000 0.000000000000000 0.000000000000000 0
442 0.000000000000000 0.000000000000000 0.000000000000000 0
443 0.000000000000000 0.000000000000000 0.000000000000000 0
444 0.000000000000000 0.000000000000000 0.000000000000000 0
445 0.000000000000000 0.000000000000000 0.000000000000000 0
446 0.000000000000000 0.000000000000000 0.000000000000000 0
447 0.000000000000000 0.000000000000000 0.000000000000000 0
448 0.000000000000000 0.000000000000000 0.000000000000000 0
449 0.000000000000000 0.000000000000000 0.000000000000000 0
450 0.000000000000000 0.000000000000000 0.000000000000000 0
451 0.000000000000000 0.000000000000000 0.000000000000000 0
452 0.000000000000000 0.000000000000000 0.000000000000000 0
453 0.000000000000000 0.000000000000000 0.000000000000000 0
454 0.000000000000000 0.000000000000000 0.000000000000000 0
455 0.000000000000000 0.000000000000000 0.000000000000000 0
456 0.000000000000000 0.000000000000000 0.000000000000000 0
457 0.000000000000000 0.000000000000000 0.000000000000000 0
458 0.000000000000000 0.000000000000000 0.000000000000000 0
459 0.000000000000000 0.000000000000000 0.000000000000000 0
460 0.000000000000000 0.000000000000000 0.000000000000000 0
461 0.000000000000000 0.000000000000000 0.000000000000000 0
462 0.000000000000000 0.000000000000000 0.000000000000000 0
463 0.000000000000000 0.000000000000000 0.000000000000000 0
464 0.000000000000000 0.000000000000000 0.000000000000000 0
465 0.000000000000000 0.000000000000000 0.000000000000000 0
466 0.000000000000000 0.000000000000000 0.000000000000000 0
467 0.000000000000000 0.000000000000000 0.000000000000000 0
468 0.000000000000000 0.000000000000000 0.000000000000000 0
469 0.000000000000000 0.000000000000000 0.000000000000000 0
470 0.000000000000000 0.000000000000000 0.000000000000000 0
471 0.000000000000000 0.000000000000000 0.000000000000000 0
472 0.000000000000000 0.000000000000000 0.000000000000000 0
473 0.000000000000000 0.000000000000000 0.000000000000000 0
474 0.000000000000000 0.000000000000000 0.000000000000000 0
475 0.000000000000000 0.000000000000000 0.000000000000000 0
476 0.000000000000000 0.000000000000000 0.000000000000000 0
477 0.000000000000000 0.000000000000000 0.000000000000000 0
478 0.000000000000000 0.000000000000000 0.000000000000000 0
479 0.000000000000000 0.000000000000000 0.000000000000000 0
480 0.000000000000000 0.000000000000000 0.000000000000000 0
481 0.000000000000000 0.000000000000000 0.000000000000000 0
482 0.000000000000000 0.000000000000000 0.000000000000000 0
483 0.000000000000000 0.000000000000000 0.000000000000000 0
484 0.000000000000000 0.000000000000000 0.000000000000000 0
485 0.000000000000000 0.000000000000000 0.000000000000000 0
486 0.000000000000000 0.000000000000000 0.000000000000000 0
487 0.000000000000000 0.000000000000000 0.000000000000000 0
488 0.000000000000000 0.000000000000000 0.000000000000000 0
489 0.000000000000000 0.000000000000000 0.000000000000000 0
490 0.000000000000000 0.000000000000000 0.000000000000000 0
491 0.000000000000000 0.000000000000000 0.000000000000000 0
492 0.000000000000000 0.000000000000000 0.000000000000000 0
493 0.000000000000000 0.000000000000000 0.000000000000000 0
494 0.000000000000000 0.000000000000000 0.000000000000000 0
495 0.000000000000000 0.000000000000000 0.000000000000000 0
496 0.000000000000000 0.000000000000000 0.000000000000000 0
497 0.000000000000000 0.000000000000000 0.000000000000000 0
498 0.000000000000000 0.000000000000000 0.000000000000000 0
499 0.000000000000000 0.000000000000000 0.000000000000000 0
500 0.000000000000000 0.000000000000000 0.000000000000000 0
501 0.000000000000000 0.000000000000000 0.000000000000000 0
502 0.000000000000000 0.000000000000000 0.000000000000000 0
503 0.000000000000000 0.000000000000000 0.000000000000000 0
504 0.000000000000000 0.000000000000000 0.000000000000000 0
505 0.000000000000000 0.000000000000000 0.000000000000000 0
506 0.000000000000000 0.000000000000000 0.000000000000000 0
507 0.000000000000000 0.000000000000000 0.000000000000000 0
508 0.000000000000000 0.000000000000000 0.000000000000000 0
509 0.000000000000000 0.000000000000000 0.000000000000000 0
510 0.000000000000000 0.000000000000000 0.000000000000000 0
511 0.000000000000000 0.000000000000000 0.000000000000000 0
512 0.000000000000000 0.000000000000000 0.000000000000000 0
513 0.000000000000000 0.000000000000000 0.000000000000000 0
514 0.000000000000000 0.000000000000000 0.000000000000000 0
515 0.000000000000000 0.000000000000000 0.000000000000000 0
516 0.000000000000000 0.000000000000000 0.000000000000000 0
517 0.000000000000000 0.000000000000000 0.000000000000000 0
518 0.000000000000000 0.000000000000000 0.000000000000000 0
519 0.000000000000000 0.000000000000000 0.000000000000000 0
520 0.000000000000000 0.000000000000000 0.000000000000000 0
521 0.000000000000000 0.000000000000000 0.000000000000000 0
522 0.000000000000000 0.000000000000000 0.000000000000000 0
523 0.000000000000000 0.000000000000000 0.000000000000000 0
524 0.000000000000000 0.000000000000000 0.000000000000000 0
525 0.000000000000000 0.000000000000000 0.000000000000000 0
526 0.000000000000000 0.000000000000000 0.000000000000000 0
527 0.000000000000000 0.000000000000000 0.000000000000000 0
528 0.000000000000000 0.000000000000000 0.000000000000000 0
529 0.000000000000000 0.000000000000000 0.000000000000000 0
530 0.000000000000000 0.000000000000000 0.000000000000000 0
531 0.000000000000000 0.000000000000000 0.000000000000000 0
532 0.000000000000000 0.000000000000000 0.000000000000000 0
533 0.000000000000000 0.000000000000000 0.000000000000000 0
534 0.000000000000000 0.000000000000000 0.000000000000000 0
535 0.000000000000000 0.000000000000000 0.000000000000000 0
536 0.000000000000000 0.000000000000000 0.000000000000000 0
537 0.000000000000000 0.000000000000000 0.000000000000000 0
538 0.000000000000000 0.000000000000000 0.000000000000000 0
539 0.000000000000000 0.000000000000000 0.000000000000000 0
540 0.000000000000000 0.000000000000000 0.000000000000000 0
541 0.000000000000000 0.000000000000000 0.000000000000000 0
542 0.000000000000000 0.000000000000000 0.000000000000000 0
543 0.000000000000000 0.000000000000000 0.000000000000000 0
544 0.000000000000000 0.000000000000000 0.000000000000000 0
545 0.000000000000000 0.000000000000000 0.000000000000000 0
546 0.000000000000000 0.000000000000000 0.000000000000000 0
547 0.000000000000000 0.000000000000000 0.000000000000000 0
548 0.000000000000000 0.000000000000000 0.000000000000000 0
549 0.000000000000000 0.000000000000000 0.000000000000000 0
550 0.000000000000000 0.000000000000000 0.000000000000000 0
551 0.000000000000000 0.000000000000000 0.000000000000000 0
552 0.000000000000000 0.000000000000000 0.000000000000000 0
553 0.000000000000000 0.000000000000000 0.000000000000000 0
554 0.000000000000000 0.000000000000000 0.000000000000000 0
555 0.000000000000000 0.000000000000000 0.000000000000000 0
556 0.000000000000000 0.000000000000000 0.000000000000000 0
557 0.000000000000000 0.000000000000000 0.000000000000000 0
558 0.000000000000000 0.000000000000000 0.000000000000000 0
559 0.000000000000000 0.000000000000000 0.000000000000000 0
560 0.000000000000000 0.000000000000000 0.000000000000000 0
561 0.000000000000000 0.000000000000000 0.000000000000000 0
562 0.000000000000000 0.000000000000000 0.000000000000000 0
563 0.000000000000000 0.000000000000000 0.000000000000000 0
564 0.000000000000000 0.000000000000000 0.000000000000000 0
565 0.000000000000000 0.000000000000000 0.000000000000000 0
566 0.000000000000000 0.000000000000000 0.000000000000000 0
567 0.000000000000000 0.000000000000000 0.000000000000000 0
568 0.000000000000000 0.000000000000000 0.000000000000000 0
569 0.000000000000000 0.000000000000000 0.000000000000000 0
570 0.000000000000000 0.000000000000000 0.000000000000000 0
571 0.000000000000000 0.000000000000000 0.000000000000000 0
572 0.000000000000000 0.000000000000000 0.000000000000000 0
573 0.000000000000000 0.000000000000000 0.000000000000000 0
574 0.000000000000000 0.000000000000000 0.000000000000000 0
575 0.000000000000000 0.000000000000000 0.000000000000000 0
576 0.000000000000000 0.000000000000000 0.000000000000000 0
577 0.000000000000000 0.000000000000000 0.000000000000000 0
578 0.000000000000000 0.000000000000000 0.000000000000000 0
579 0.000000000000000 0.000000000000000 0.000000000000000 0
580 0.000000000000000 0.000000000000000 0.000000000000000 0
581 0.000000000000000 0.000000000000000 0.000000000000000 0
582 0.000000000000000 0.000000000000000 0.000000000000000 0
583 0.000000000000000 0.000000000000000 0.000000000000000 0
584 0.000000000000000 0.000000000000000 0.000000000000000 0
585 0.000000000000000 0.000000000000000 0.000000000000000 0
586 0.000000000000000 0.000000000000000 0.000000000000000 0
587 0.000000000000000 0.000000000000000 0.000000000000000 0
588 0.000000000000000 0.000000000000000 0.000000000000000 0
589 0.000000000000000 0.000000000000000 0.000000000000000 0
590 0.000000000000000 0.000000000000000 0.000000000000000 0
591 0.000000000000000 0.000000000000000 0.000000000000000 0
592 0.000000000000000 0.000000000000000 0.000000000000000 0
593 0.000000000000000 0.000000000000000 0.000000000000000 0
594 0.000000000000000 0.000000000000000 0.000000000000000 0
595 0.000000000000000 0.000000000000000 0.000000000000000 0
596 0.000000000000000 0.000000000000000 0.000000000000000 0
597 0.000000000000000 0.000000000000000 0.000000000000000 0
598 0.000000000000000 0.000000000000000 0.000000000000000 0
599 0.000000000000000 0.000000000000000 0.000000000000000 0
600 0.000000000000000 0.000000000000000 0.000000000000000 0
601 0.000000000000000 0.000000000000000 0.000000000000000 0
602 0.000000000000000 0.000000000000000 0.000000000000000 0
603 0.000000000000000 0.000000000000000 0.000000000000000 0
604 0.000000000000000 0.000000000000000 0.000000000000000 0
605 0.000000000000000 0.000000000000000 0.000000000000000 0
606 0.000000000000000 0.000000000000000 0.000000000000000 0
607 0.000000000000000 0.000000000000000 0.000000000000000 0
608 0.000000000000000 0.000000000000000 0.000000000000000 0
609 0.000000000000000 0.000000000000000 0.000000000000000 0
610 0.000000000000000 0.000000000000000 0.000000000000000 0
611 0.000000000000000 0.000000000000000 0.000000000000000 0
612 0.000000000000000 0.000000000000000 0.000000000000000 0
613 0.000000000000000 0.000000000000000 0.000000000000000 0
614 0.000000000000000 0.000000000000000 0.000000000000000 0
615 0.000000000000000 0.000000000000000 0.000000000000000 0
616 0.000000000000000 0.000000000000000 0.000000000000000 0
617 0.000000000000000 0.000000000000000 0.000000000000000 0
618 0.000000000000000 0.000000000000000 0.000000000000000 0
619 0.000000000000000 0.000000000000000 0.000000000000000 0
620 0.000000000000000 0.000000000000000 0.000000000000000 0
621 0.000000000000000 0.000000000000000 0.000000000000000 0
622 0.000000000000000 0.000000000000000 0.000000000000000 0
623 0.000000000000000 0.000000000000000 0.000000000000000 0
624 0.000000000000000 0.000000000000000 0.000000000000000 0
625 0.000000000000000 0.000000000000000 0.000000000000000 0
626 0.000000000000000 0.000000000000000 0.000000000000000 0
627 0.000000000000000 0.000000000000000 0.000000000000000 0
628 0.000000000000000 0.000000000000000 0.000000000000000 0
629 0.000000000000000 0.000000000000000 0.000000000000000 0
630 0.000000000000000 0.000000000000000 0.000000000000000 0
631 0.000000000000000 0.000000000000000 0.000000000000000 0
632 0.000000000000000 0.000000000000000 0.000000000000000 0
633 0.000000000000000 0.000000000000000 0.000000000000000 0
634 0.000000000000000 0.000000000000000 0.000000000000000 0
635 0.000000000000000 0.000000000000000 0.000000000000000 0
636 0.000000000000000 0.000000000000000 0.000000000000000 0
637 0.000000000000000 0.000000000000000 0.000000000000000 0
638 0.000000000000000 0.000000000000000 0.000000000000000 0
639 0.000000000000000 0.000000000000000 0.000000000000000 0
640 0.000000000000000 0.000000000000000 0.000000000000000 0
641 0.000000000000000 0.000000000000000 0.000000000000000 0
642 0.000000000000000 0.000000000000000 0.000000000000000 0
643 0.000000000000000 0.000000000000000 0.000000000000000 0
644 0.000000000000000 0.000000000000000 0.000000000000000 0
645 0.000000000000000 0.000000000000000 0.000000000000000 0
646 0.000000000000000 0.000000000000000 0.000000000000000 0
647 0.000000000000000 0.000000000000000 0.000000000000000 0
648 0.000000000000000 0.000000000000000 0.000000000000000 0
649 0.000000000000000 0.000000000000000 0.000000000000000 0
650 0.000000000000000 0.000000000000000 0.000000000000000 0
651 0.000000000000000 0.000000000000000 0.000000000000000 0
652 0.000000000000000 0.000000000000000 0.000000000000000 0
653 0.000000000000000 0.000000000000000 0.000000000000000 0
654 0.000000000000000 0.000000000000000 0.000000000000000 0
655 0.000000000000000 0.000000000000000 0.000000000000000 0
656 0.000000000000000 0.000000000000000 0.000000000000000 0
657 0.000000000000000 0.000000000000000 0.000000000000000 0
658 0.000000000000000 0.000000000000000 0.000000000000000 0
659 0.000000000000000 0.000000000000000 0.000000000000000 0
660 0.000000000000000 0.000000000000000 0.000000000000000 0
661 0.000000000000000 0.000000000000000 0.000000000000000 0
662 0.000000000000000 0.000000000000000 0.000000000000000 0
663 0.000000000000000 0.000000000000000 0.000000000000000 0
664 0.000000000000000 0.000000000000000 0.000000000000000 0
665 0.000000000000000 0.000000000000000 0.000000000000000 0
666 0.000000000000000 0.000000000000000 0.000000000000000 0
667 0.000000000000000 0.000000000000000 0.000000000000000 0
668 0.000000000000000 0.000000000000000 0.000000000000000 0
669 0.000000000000000 0.000000000000000 0.000000000000000 0
670 0.000000000000000 0.000000000000000 0.000000000000000 0
671 0.000000000000000 0.000000000000000 0.000000000000000 0
672 0.000000000000000 0.000000000000000 0.000000000000000 0
673 0.000000000000000 0.000000000000000 0.000000000000000 0
674 0.000000000000000 0.000000000000000 0.000000000000000 0
675 0.000000000000000 0.000000000000000 0.000000000000000 0
676 0.000000000000000 0.000000000000000 0.000000000000000 0
677 0.000000000000000 0.000000000000000 0.000000000000000 0
678 0.000000000000000 0.000000000000000 0.000000000000000 0
679 0.000000000000000 0.000000000000000 0.000000000000000 0
680 0.000000000000000 0.000000000000000 0.000000000000000 0
681 0.000000000000000 0.000000000000000 0.000000000000000 0
682 0.000000000000000 0.000000000000000 0.000000000000000 0
683 0.000000000000000 0.000000000000000 0.000000000000000 0
684 0.000000000000000 0.000000000000000 0.000000000000000 0
685 0.000000000000000 0.000000000000000 0.000000000000000 0
686 0.000000000000000 0.000000000000000 0.000000000000000 0
687 0.000000000000000 0.000000000000000 0.000000000000000 0
688 0.000000000000000 0.000000000000000 0.000000000000000 0
689 0.000000000000000 0.000000000000000 0.000000000000000 0
690 0.000000000000000 0.000000000000000 0.000000000000000 0
691 0.000000000000000 0.000000000000000 0.000000000000000 0
692 0.000000000000000 0.000000000000000 0.000000000000000 0
693 0.000000000000000 0.000000000000000 0.000000000000000 0
694 0.000000000000000 0.000000000000000 0.000000000000000 0
695 0.000000000000000 0.000000000000000 0.000000000000000 0
696 0.000000000000000 0.000000000000000 0.000000000000000 0
697 0.000000000000000 0.000000000000000 0.000000000000000 0
698 0.000000000000000 0.000000000000000 0.000000000000000 0
699 0.000000000000000 0.000000000000000 0.000000000000000 0
700 0.000000000000000 0.000000000000000 0.000000000000000 0
701 0.000000000000000 0.000000000000000 0.000000000000000 0
702 0.000000000000000 0.000000000000000 0.000000000000000 0
703 0.000000000000000 0.000000000000000 0.000000000000000 0
704 0.000000000000000 0.000000000000000 0.000000000000000 0
705 0.000000000000000 0.000000000000000 0.000000000000000 0
706 0.000000000000000 0.000000000000000 0.000000000000000 0
707 0.000000000000000 0.000000000000000 0.000000000000000 0
708 0.000000000000000 0.000000000000000 0.000000000000000 0
709 0.000000000000000 0.000000000000000 0.000000000000000 0
710 0.000000000000000 0.000000000000000 0.000000000000000 0
711 0.000000000000000 0.000000000000000 0.000000000000000 0
712 0.000000000000000 0.000000000000000 0.000000000000000 0
713 0.000000000000000 0.000000000000000 0.000000000000000 0
714 0.000000000000000 0.000000000000000 0.000000000000000 0
715 0.000000000000000 0.000000000000000 0.000000000000000 0
716 0.000000000000000 0.000000000000000 0.000000000000000 0
717 0.000000000000000 0.000000000000000 0.000000000000000 0
718 0.000000000000000 0.000000000000000 0.000000000000000 0
719 0.000000000000000 0.000000000000000 0.000000000000000 0
720 0.000000000000000 0.000000000000000 0.000000000000000 0
721 0.000000000000000 0.000000000000000 0.000000000000000 0
722 0.000000000000000 0.000000000000000 0.000000000000000 0
723 0.000000000000000 0.000000000000000 0.000000000000000 0
724 0.000000000000000 0.000000000000000 0.000000000000000 0
725 0.000000000000000 0.000000000000000 0.000000000000000 0
726 0.000000000000000 0.000000000000000 0.000000000000000 0
727 0.000000000000000 0.000000000000000 0.000000000000000 0
728 0.000000000000000 0.000000000000000 0.000000000000000 0
729 0.000000000000000 0.000000000000000 0.000000000000000 0
730 0.000000000000000 0.000000000000000 0.000000000000000 0
731 0.000000000000000 0.000000000000000 0.000000000000000 0
732 0.000000000000000 0.000000000000000 0.000000000000000 0
733 0.000000000000000 0.000000000000000 0.000000000000000 0
734 0.000000000000000 0.000000000000000 0.000000000000000 0
735 0.000000000000000 0.000000000000000 0.000000000000000 0
736 0.000000000000000 0.000000000000000 0.000000000000000 0
737 0.000000000000000 0.000000000000000 0.000000000000000 0
738 0.000000000000000 0.000000000000000 0.000000000000000 0
739 0.000000000000000 0.000000000000000 0.000000000000000 0
740 0.000000000000000 0.000000000000000 0.000000000000000 0
741 0.000000000000000 0.000000000000000 0.000000000000000 0
742 0.000000000000000 0.000000000000000 0.000000000000000 0
743 0.000000000000000 0.000000000000000 0.000000000000000 0
744 0.000000000000000 0.000000000000000 0.000000000000000 0
745 0.000000000000000 0.000000000000000 0.000000000000000 0
746 0.000000000000000 0.000000000000000 0.000000000000000 0
747 0.000000000000000 0.000000000000000 0.000000000000000 0
748 0.000000000000000 0.000000000000000 0.000000000000000 0
749 0.000000000000000 0.000000000000000 0.000000000000000 0
750 0.000000000000000 0.000000000000000 0.000000000000000 0
751 0.000000000000000 0.000000000000000 0.000000000000000 0
752 0.000000000000000 0.000000000000000 0.000000000000000 0
753 0.000000000000000 0.000000000000000 0.000000000000000 0
754 0.000000000000000 0.000000000000000 0.000000000000000 0
755 0.000000000000000 0.000000000000000 0.000000000000000 0
756 0.000000000000000 0.000000000000000 0.000000000000000 0
757 0.000000000000000 0.000000000000000 0.000000000000000 0
758 0.000000000000000 0.000000000000000 0.000000000000000 0
759 0.000000000000000 0.000000000000000 0.000000000000000 0
760 0.000000000000000 0.000000000000000 0.000000000000000 0
761 0.000000000000000 0.000000000000000 0.000000000000000 0
762 0.000000000000000 0.000000000000000 0.000000000000000 0
763 0.000000000000000 0.000000000000000 0.000000000000000 0
764 0.000000000000000 0.000000000000000 0.000000000000000 0
765 0.000000000000000 0.000000000000000 0.000000000000000 0
766 0.000000000000000 0.000000000000000 0.000000000000000 0
767 0.000000000000000 0.000000000000000 0.000000000000000 0
768 0.000000000000000 0.000000000000000 0.000000000000000 0
769 0.000000000000000 0.000000000000000 0.000000000000000 0
770 0.000000000000000 0.000000000000000 0.000000000000000 0
771 0.000000000000000 0.000000000000000 0.000000000000000 0
772 0.000000000000000 0.000000000000000 0.000000000000000 0
773 0.000000000000000 0.000000000000000 0.000000000000000 0
774 0.000000000000000 0.000000000000000 0.000000000000000 0
775 0.000000000000000 0.000000000000000 0.000000000000000 0
776 0.000000000000000 0.000000000000000 0.000000000000000 0
777 0.000000000000000 0.000000000000000 0.000000000000000 0
778 0.000000000000000 0.000000000000000 0.000000000000000 0
779 0.000000000000000 0.000000000000000 0.000000000000000 0
780 0.000000000000000 0.000000000000000 0.000000000000000 0
781 0.000000000000000 0.000000000000000 0.000000000000000 0
782 0.000000000000000 0.000000000000000 0.000000000000000 0
783 0.000000000000000 0.000000000000000 0.000000000000000 0
784 0.000000000000000 0.000000000000000 0.000000000000000 0
785 0.000000000000000 0.000000000000000 0.000000000000000 0
786 0.000000000000000 0.000000000000000 0.000000000000000 0
787 0.000000000000000 0.000000000000000 0.000000000000000 0
788 0.000000000000000 0.000000000000000 0.000000000000000 0
789 0.000000000000000 0.000000000000000 0.000000000000000 0
790 0.000000000000000 0.000000000000000 0.000000000000000 0
791 0.000000000000000 0.000000000000000 0.000000000000000 0
792 0.000000000000000 0.000000000000000 0.000000000000000 0
793 0.000000000000000 0.000000000000000 0.000000000000000 0
794 0.000000000000000 0.000000000000000 0.000000000000000 0
795 0.000000000000000 0.000000000000000 0.000000000000000 0
796 0.000000000000000 0.000000000000000 0.000000000000000 0
797 0.000000000000000 0.000000000000000 0.000000000000000 0
798 0.000000000000000 0.000000000000000 0.000000000000000 0
799 0.000000000000000 0.000000000000000 0.000000000000000 0
800 0.000000000000000 0.000000000000000 0.000000000000000 0
801 0.000000000000000 0.000000000000000 0.000000000000000 0
802 0.000000000000000 0.000000000000000 0.000000000000000 0
803 0.000000000000000 0.000000000000000 0.000000000000000 0
804 0.000000000000000 0.000000000000000 0.000000000000000 0
805 0.000000000000000 0.000000000000000 0.000000000000000 0
806 0.000000000000000 0.000000000000000 0.000000000000000 0
807 0.000000000000000 0.000000000000000 0.000000000000000 0
808 0.000000000000000 0.000000000000000 0.000000000000000 0
809 0.000000000000000 0.000000000000000 0.000000000000000 0
810 0.000000000000000 0.000000000000000 0.000000000000000 0
811 0.000000000000000 0.000000000000000 0.000000000000000 0
812 0.000000000000000 0.000000000000000 0.000000000000000 0
813 0.000000000000000 0.000000000000000 0.000000000000000 0
814 0.000000000000000 0.000000000000000 0.000000000000000 0
815 0.000000000000000 0.000000000000000 0.000000000000000 0
816 0.000000000000000 0.000000000000000 0.000000000000000 0
817 0.000000000000000 0.000000000000000 0.000000000000000 0
818 0.000000000000000 0.000000000000000 0.000000000000000 0
819 0.000000000000000 0.000000000000000 0.000000000000000 0
820 0.000000000000000 0.000000000000000 0.000000000000000 0
821 0.000000000000000 0.000000000000000 0.000000000000000 0
822 0.000000000000000 0.000000000000000 0.000000000000000 0
823 0.000000000000000 0.000000000000000 0.000000000000000 0
824 0.000000000000000 0.000000000000000 0.000000000000000 0
825 0.000000000000000 0.000000000000000 0.000000000000000 0
826 0.000000000000000 0.000000000000000 0.000000000000000 0
827 0.000000000000000 0.000000000000000 0.000000000000000 0
828 0.000000000000000 0.000000000000000 0.000000000000000 0
829 0.000000000000000 0.000000000000000 0.000000000000000 0
830 0.000000000000000 0.000000000000000 0.000000000000000 0
831 0.000000000000000 0.000000000000000 0.000000000000000 0
832 0.000000000000000 0.000000000000000 0.000000000000000 0
833 0.000000000000000 0.000000000000000 0.000000000000000 0
834 0.000000000000000 0.000000000000000 0.000000000000000 0
835 0.000000000000000 0.000000000000000 0.000000000000000 0
836 0.000000000000000 0.000000000000000 0.000000000000000 0
837 0.000000000000000 0.000000000000000 0.000000000000000 0
838 0.000000000000000 0.000000000000000 0.000000000000000 0
839 0.000000000000000 0.000000000000000 0.000000000000000 0
840 0.000000000000000 0.000000000000000 0.000000000000000 0
841 0.000000000000000 0.000000000000000 0.000000000000000 0
842 0.000000000000000 0.000000000000000 0.000000000000000 0
843 0.000000000000000 0.000000000000000 0.000000000000000 0
844 0.000000000000000 0.000000000000000 0.000000000000000 0
845 0.000000000000000 0.000000000000000 0.000000000000000 0
846 0.000000000000000 0.000000000000000 0.000000000000000 0
847 0.000000000000000 0.000000000000000 0.000000000000000 0
848 0.000000000000000 0.000000000000000 0.000000000000000 0
849 0.000000000000000 0.000000000000000 0.000000000000000 0
850 0.000000000000000 0.000000000000000 0.000000000000000 0
851 0.000000000000000 0.000000000000000 0.000000000000000 0
852 0.000000000000000 0.000000000000000 0.000000000000000 0
853 0.000000000000000 0.000000000000000 0.000000000000000 0
854 0.000000000000000 0.000000000000000 0.000000000000000 0
855 0.000000000000000 0.000000000000000 0.000000000000000 0
856 0.000000000000000 0.000000000000000 0.000000000000000 0
857 0.000000000000000 0.000000000000000 0.000000000000000 0
858 0.000000000000000 0.000000000000000 0.000000000000000 0
859 0.000000000000000 0.000000000000000 0.000000000000000 0
860 0.000000000000000 0.000000000000000 0.000000000000000 0
861 0.000000000000000 0.000000000000000 0.000000000000000 0
862 0.000000000000000 0.000000000000000 0.000000000000000 0
863 0.000000000000000 0.000000000000000 0.000000000000000 0
864 0.000000000000000 0.000000000000000 0.000000000000000 0
865 0.000000000000000 0.000000000000000 0.000000000000000 0
866 0.000000000000000 0.000000000000000 0.000000000000000 0
867 0.000000000000000 0.000000000000000 0.000000000000000 0
868 0.000000000000000 0.000000000000000 0.000000000000000 0
869 0.000000000000000 0.000000000000000 0.000000000000000 0
870 0.000000000000000 0.000000000000000 0.000000000000000 0
871 0.000000000000000 0.000000000000000 0.000000000000000 0
872 0.000000000000000 0.000000000000000 0.000000000000000 0
873 0.000000000000000 0.000000000000000 0.000000000000000 0
874 0.000000000000000 0.000000000000000 0.000000000000000 0
875 0.000000000000000 0.000000000000000 0.000000000000000 0
876 0.000000000000000 0.000000000000000 0.000000000000000 0
877 0.000000000000000 0.000000000000000 0.000000000000000 0
878 0.000000000000000 0.000000000000000 0.000000000000000 0
879 0.000000000000000 0.000000000000000 0.000000000000000 0
880 0.000000000000000 0.000000000000000 0.000000000000000 0
881 0.000000000000000 0.000000000000000 0.000000000000000 0
882 0.000000000000000 0.000000000000000 0.000000000000000 0
883 0.000000000000000 0.000000000000000 0.000000000000000 0
884 0.000000000000000 0.000000000000000 0.000000000000000 0
885 0.000000000000000 0.000000000000000 0.000000000000000 0
886 0.000000000000000 0.000000000000000 0.000000000000000 0
887 0.000000000000000 0.000000000000000 0.000000000000000 0
888 0.000000000000000 0.000000000000000 0.000000000000000 0
889 0.000000000000000 0.000000000000000 0.000000000000000 0
890 0.000000000000000 0.000000000000000 0.000000000000000 0
891 0.000000000000000 0.000000000000000 0.000000000000000 0
892 0.000000000000000 0.000000000000000 0.000000000000000 0
893 0.000000000000000 0.000000000000000 0.000000000000000 0
894 0.000000000000000 0.000000000000000 0.000000000000000 0
895 0.000000000000000 0.000000000000000 0.000000000000000 0
896 0.000000000000000 0.000000000000000 0.000000000000000 0
897 0.000000000000000 0.000000000000000 0.000000000000000 0
898 0.000000000000000 0.000000000000000 0.000000000000000 0
899 0.000000000000000 0.000000000000000 0.000000000000000 0
900 0.000000000000000 0.000000000000000 0.000000000000000 0
901 0.000000000000000 0.000000000000000 0.000000000000000 0
902 0.000000000000000 0.000000000000000 0.000000000000000 0
903 0.000000000000000 0.000000000000000 0.000000000000000 0
904 0.000000000000000 0.000000000000000 0.000000000000000 0
905 0.000000000000000 0.000000000000000 0.000000000000000 0
906 0.000000000000000 0.000000000000000 0.000000000000000 0
907 0.000000000000000 0.000000000000000 0.000000000000000 0
908 0.000000000000000 0.000000000000000 0.000000000000000 0
909 0.000000000000000 0.000000000000000 0.000000000000000 0
910 0.000000000000000 0.000000000000000 0.000000000000000 0
911 0.000000000000000 0.000000000000000 0.000000000000000 0
912 0.000000000000000 0.000000000000000 0.000000000000000 0
913 0.000000000000000 0.000000000000000 0.000000000000000 0
914 0.000000000000000 0.000000000000000 0.000000000000000 0
915 0.000000000000000 0.000000000000000 0.000000000000000 0
916 0.000000000000000 0.000000000000000 0.000000000000000 0
917 0.000000000000000 0.000000000000000 0.000000000000000 0
918 0.000000000000000 0.000000000000000 0.000000000000000 0
919 0.000000000000000 0.000000000000000 0.000000000000000 0
920 0.000000000000000 0.000000000000000 0.000000000000000 0
921 0.000000000000000 0.000000000000000 0.000000000000000 0
922 0.000000000000000 0.000000000000000 0.000000000000000 0
923 0.000000000000000 0.000000000000000 0.000000000000000 0
924 0.000000000000000 0.000000000000000 0.000000000000000 0
925 0.000000000000000 0.000000000000000 0.000000000000000 0
926 0.000000000000000 0.000000000000000 0.000000000000000 0
927 0.000000000000000 0.000000000000000 0.000000000000000 0
928 0.000000000000000 0.000000000000000 0.000000000000000 0
929 0.000000000000000 0.000000000000000 0.000000000000000 0
930 0.000000000000000 0.000000000000000 0.000000000000000 0
931 0.000000000000000 0.000000000000000 0.000000000000000 0
932 0.000000000000000 0.000000000000000 0.000000000000000 0
933 0.000000000000000 0.000000000000000 0.000000000000000 0
934 0.000000000000000 0.000000000000000 0.000000000000000 0
935 0.000000000000000 0.000000000000000 0.000000000000000 0
936 0.000000000000000 0.000000000000000 0.000000000000000 0
937 0.000000000000000 0.000000000000000 0.000000000000000 0
938 0.000000000000000 0.000000000000000 0.000000000000000 0
939 0.000000000000000 0.000000000000000 0.000000000000000 0
940 0.000000000000000 0.000000000000000 0.000000000000000 0
941 0.000000000000000 0.000000000000000 0.000000000000000 0
942 0.000000000000000 0.000000000000000 0.000000000000000 0
943 0.000000000000000 0.000000000000000 0.000000000000000 0
944 0.000000000000000 0.000000000000000 0.000000000000000 0
945 0.000000000000000 0.000000000000000 0.000000000000000 0
946 0.000000000000000 0.000000000000000 0.000000000000000 0
947 0.000000000000000 0.000000000000000 0.000000000000000 0
948 0.000000000000000 0.000000000000000 0.000000000000000 0
949 0.000000000000000 0.000000000000000 0.000000000000000 0
950 0.000000000000000 0.000000000000000 0.000000000000000 0
951 0.000000000000000 0.000000000000000 0.000000000000000 0
952 0.000000000000000 0.000000000000000 0.000000000000000 0
953 0.000000000000000 0.000000000000000 0.000000000000000 0
954 0.000000000000000 0.000000000000000 0.000000000000000 0
955 0.000000000000000 0.000000000000000 0.000000000000000 0
956 0.000000000000000 0.000000000000000 0.000000000000000 0
957 0.000000000000000 0.000000000000000 0.000000000000000 0
958 0.000000000000000 0.000000000000000 0.000000000000000 0
959 0.000000000000000 0.000000000000000 0.000000000000000 0
960 0.000000000000000 0.000000000000000 0.000000000000000 0
961 0.000000000000000 0.000000000000000 0.000000000000000 0
962 0.000000000000000 0.000000000000000 0.000000000000000 0
963 0.000000000000000 0.000000000000000 0.000000000000000 0
964 0.000000000000000 0.000000000000000 0.000000000000000 0
965 0.000000000000000 0.000000000000000 0.000000000000000 0
966 0.000000000000000 0.000000000000000 0.000000000000000 0
967 0.000000000000000 0.000000000000000 0.000000000000000 0
968 0.000000000000000 0.000000000000000 0.000000000000000 0
969 0.000000000000000 0.000000000000000 0.000000000000000 0
970 0.000000000000000 0.000000000000000 0.000000000000000 0
971 0.000000000000000 0.000000000000000 0.000000000000000 0
972 0.000000000000000 0.000000000000000 0.000000000000000 0
973 0.000000000000000 0.000000000000000 0.000000000000000 0
974 0.000000000000000 0.000000000000000 0.000000000000000 0
975 0.000000000000000 0.000000000000000 0.000000000000000 0
976 0.000000000000000 0.000000000000000 0.000000000000000 0
977 0.000000000000000 0.000000000000000 0.000000000000000 0
978 0.000000000000000 0.000000000000000 0.000000000000000 0
979 0.000000000000000 0.000000000000000 0.000000000000000 0
980 0.000000000000000 0.000000000000000 0.000000000000000 0
981 0.000000000000000 0.000000000000000 0.000000000000000 0
982 0.000000000000000 0.000000000000000 0.000000000000000 0
983 0.000000000000000 0.000000000000000 0.000000000000000 0
984 0.000000000000000 0.000000000000000 0.000000000000000 0
985 0.000000000000000 0.000000000000000 0.000000000000000 0
986 0.000000000000000 0.000000000000000 0.000000000000000 0
987 0.000000000000000 0.000000000000000 0.000000000000000 0
988 0.000000000000000 0.000000000000000 0.000000000000000 0
989 0.000000000000000 0.000000000000000 0.000000000000000 0
990 0.000000000000000 0.000000000000000 0.000000000000000 0
991 0.000000000000000 0.000000000000000 0.000000000000000 0
992 0.000000000000000 0.000000000000000 0.000000000000000 0
993 0.000000000000000 0.000000000000000 0.000000000000000 0
994 0.000000000000000 0.000000000000000 0.000000000000000 0
995 0.000000000000000 0.000000000000000 0.000000000000000 0
996 0.000000000000000 0.000000000000000 0.000000000000000 0
997 0.000000000000000 0.000000000000000 0.000000000000000 0
998 0.000000000000000 0.000000000000000 0.000000000000000 0
999 0.000000000000000 0.000000000000000 0.000000000000000 0
1000 0.000000000000000 0.000000000000000 0.000000000000000 0
1001 0.000000000000000 0.000000000000000 0.000000000000000 0
1002 0.000000000000000 0.000000000000000 0.000000000000000 0
1003 0.000000000000000 0.000000000000000 0.000000000000000 0
1004 0.000000000000000 0.000000000000000 0.000000000000000 0
1005 0.000000000000000 0.000000000000000 0.000000000000000 0
1006 0.000000000000000 0.000000000000000 0.000000000000000 0
1007 0.000000000000000 0.000000000000000 0.000000000000000 0
1008 0.000000000000000 0.000000000000000 0.000000000000000 0
1009 0.000000000000000 0.000000000000000 0.000000000000000 0
1010 0.000000000000000 0.000000000000000 0.000000000000000 0
1011 0.000000000000000 0.000000000000000 0.000000000000000 0
1012 0.000000000000000 0.000000000000000 0.000000000000000 0
1013 0.000000000000000 0.000000000000000 0.000000000000000 0
1014 0.000000000000000 0.000000000000000 0.000000000000000 0
1015 0.000000000000000 0.000000000000000 0.000000000000000 0
1016 0.000000000000000 0.000000000000000 0.000000000000000 0
1017 0.000000000000000 0.000000000000000 0.000000000000000 0
1018 0.000000000000000 0.000000000000000 0.000000000000000 0
1019 0.000000000000000 0.000000000000000 0.000000000000000 0
1020 0.000000000000000 0.000000000000000 0.000000000000000 0
1021 0.000000000000000 0.000000000000000 0.000000000000000 0
1022 0.000000000000000 0.000000000000000 0.000000000000000 0
1023 0.000000000000000 0.000000000000000 0.000000000000000 0
