0 0.000000000000000 0.000000000000000 0.000000000000000 0
1 0.062324218750000 51.445233945939997 0.000000000000000 100
2 0.066269531250000 49.341555184577238 0.618114435163083 100
3 0.054218750000000 50.060617763188155 0.570101128925096 100
4 0.047402343750000 51.431028946969136 0.553345254916766 100
5 0.041425781250000 52.344563144513174 0.530180912612041 100
6 0.037226562500000 52.601958329864210 0.517472944483166 100
7 0.033085937500000 53.734879925471724 0.502172649544071 100
8 0.031113281250000 53.645883379997237 0.473830162021669 100
9 0.026992187500000 54.938788622927426 0.482186623754306 100
10 0.026250000000000 54.708023919767946 0.458417396300880 100
11 0.022812500000000 54.952057931182082 0.467184345813364 100
12 0.021660156250000 56.141210827846308 0.452705806677754 100
13 0.018496093750000 55.967884215563473 0.441366211196453 100
14 0.017753906250000 55.219504501042820 0.432401152275506 100
15 0.017070312500000 56.661971879155729 0.447471358846569 100
16 0.015605468750000 56.345813460844717 0.425535813723314 100
17 0.015898437500000 57.113700702891848 0.430997566873486 100
18 0.014511718750000 57.961102966477966 0.423340890877268 100
19 0.014023437500000 57.205462685167660 0.420083021775384 99
20 0.012363281250000 58.523057084582099 0.411584167148641 100
21 0.012753906250000 57.266879045557616 0.398821837157552 100
22 0.011972656250000 56.922978819466415 0.402542585098665 99
23 0.011835937500000 57.432652310250141 0.394951010342315 100
24 0.010742187500000 58.090048085016804 0.402927295731644 100
25 0.009941406250000 59.483575218272193 0.395308228995098 99
26 0.010078125000000 58.984125667416485 0.393998199079832 98
27 0.009238281250000 58.579254850088184 0.386899075204631 100
28 0.008632812500000 59.467185557446975 0.392753433769634 97
29 0.009609375000000 57.708459433287018 0.379786619510757 100
30 0.008769531250000 58.249140079365077 0.376053402663747 100
31 0.008886718750000 59.194664670783823 0.378584107478117 98
32 0.008691406250000 58.352788086591232 0.381116848835401 97
33 0.008710937500000 59.296628668070369 0.376570290308525 99
34 0.007128906250000 59.337957446333732 0.373648515667094 97
35 0.007148437500000 59.328487621852858 0.380902195929918 97
36 0.006992187500000 60.854773983076278 0.376513719356931 94
37 0.006816406250000 58.824520001050594 0.363332319199666 98
38 0.006621093750000 60.204055059523817 0.371046763398737 96
39 0.006621093750000 58.146071789620194 0.352246506349506 93
40 0.005253906250000 60.083951979668250 0.361911038399802 89
41 0.006269531250000 59.710988182046776 0.357870119257157 97
42 0.005488281250000 61.089489856226152 0.362623175026800 94
43 0.005195312500000 60.571095737042597 0.367104274199670 91
44 0.005117187500000 60.435785272075613 0.359675741446184 93
45 0.004863281250000 59.231123837582160 0.352975894405819 88
46 0.004882812500000 60.317155375800468 0.350553442363351 86
47 0.005097656250000 61.237300461555769 0.354282924393933 90
48 0.005078125000000 60.127368151561711 0.350132842544476 93
49 0.004648437500000 61.338583689289685 0.351946695067839 86
50 0.004628906250000 60.871450240770450 0.348885915200751 89
51 0.003847656250000 61.862814302191452 0.348828604382930 85
52 0.004101562500000 62.136390184427981 0.359455243039374 86
53 0.004199218750000 63.010001962181562 0.361315968423971 87
54 0.003750000000000 62.045323166303525 0.348581411600280 85
55 0.003593750000000 62.032892761247219 0.348394351390132 79
56 0.004121093750000 60.710406933857904 0.332722131568947 83
57 0.003613281250000 61.303453732370109 0.341861762248759 85
58 0.003828125000000 61.834249969962755 0.345208918708321 82
59 0.003828125000000 60.745233912084920 0.335891692138930 82
60 0.003378906250000 62.351194444444467 0.336772598870056 80
61 0.003398437500000 61.772768670309674 0.334955747045911 78
62 0.003144531250000 60.502512544802862 0.333525236500382 75
63 0.003222656250000 61.994209656084635 0.333286183649087 80
64 0.003417968750000 63.848180555555565 0.340775903880071 75
65 0.003281250000000 61.221859829059817 0.331881730769231 75
66 0.003203125000000 62.858641610914354 0.336474636474637 77
67 0.003125000000000 63.270213865736253 0.335719180563143 77
68 0.002910156250000 64.090484068627461 0.341667581211589 80
69 0.003300781250000 63.022995780590719 0.335125278326337 79
70 0.002773437500000 62.477540769732549 0.320079695964151 73
71 0.002578125000000 62.111573481291764 0.320059650834299 66
72 0.002324218750000 63.698614515250547 0.326246010923931 68
73 0.002656250000000 62.520357165196685 0.321582118804862 73
74 0.003007812500000 62.120504270504291 0.324969507846220 77
75 0.002519531250000 63.488905982905983 0.326505151305151 65
76 0.002421875000000 61.936217948717960 0.309581646423752 65
77 0.002148437500000 65.009072871572869 0.336687931951090 60
78 0.002324218750000 64.355637738330060 0.332429280121588 65
79 0.002207031250000 65.468052144341584 0.339633219814591 67
80 0.002265625000000 63.611121031746030 0.323620315953386 60
81 0.002402343750000 63.626021561467574 0.321981249637744 71
82 0.002011718750000 66.122441827866538 0.329506242061144 58
83 0.002109375000000 64.628969001004023 0.328948339088060 64
84 0.002148437500000 64.464162437461781 0.321709492109459 63
85 0.001835937500000 64.267124183006530 0.319792127377267 57
86 0.001835937500000 63.582571982281301 0.311971532799166 56
87 0.001640625000000 66.080964820619997 0.330292094967315 55
88 0.001953125000000 65.417678944618615 0.318454311245631 58
89 0.001894531250000 65.535278482541983 0.326539108921766 62
90 0.001875000000000 67.736498951781982 0.328576857544422 53
91 0.001816406250000 66.479548229548229 0.321568760457650 54
92 0.001933593750000 65.090050130358094 0.317572126707737 54
93 0.002070312500000 64.452588965693820 0.312091765177319 56
94 0.001816406250000 66.391305942773300 0.320383956957691 58
95 0.001367187500000 69.987474500203987 0.336587758361763 43
96 0.001835937500000 64.706824494949501 0.307983054226475 55
97 0.001503906250000 65.460563706053406 0.310664072825800 52
98 0.001582031250000 63.881006657982340 0.308148045355453 47
99 0.001699218750000 63.979359567901234 0.305946521826624 48
100 0.001406250000000 66.268434959349577 0.312345815882401 41
101 0.001367187500000 65.521238998899904 0.309938943894389 48
102 0.001523437500000 68.124952865761685 0.327281172687405 52
103 0.001210937500000 66.375907946781723 0.316520718319690 45
104 0.001250000000000 65.862589445438275 0.309070896364868 43
105 0.001132812500000 63.638586545729410 0.296930054072911 42
106 0.001035156250000 69.863844977052537 0.329041710173786 37
107 0.001113281250000 67.579348692313260 0.311420883346387 43
108 0.001015625000000 64.530709876543185 0.302309766932041 40
109 0.001074218750000 65.758820019392857 0.302372447781562 41
110 0.001289062500000 67.787841832963778 0.320173993232843 41
111 0.001152343750000 68.843369685474940 0.315156544103913 38
112 0.001269531250000 65.675856562137042 0.302022449278547 41
113 0.000976562500000 65.310703750526741 0.296356330142677 35
114 0.001269531250000 67.668162654698747 0.307359226081943 43
115 0.001093750000000 71.704528985507238 0.325928751024098 36
116 0.000996093750000 72.113843813387447 0.327721433400947 34
117 0.001093750000000 68.162046662046663 0.308648170717136 37
118 0.000898437500000 67.365698143664247 0.302673785724633 35
119 0.001093750000000 66.802194211017749 0.295696798493409 30
120 0.001113281250000 67.551277777777784 0.295629651860744 35
121 0.000742187500000 70.345179063360874 0.314866850321396 30
122 0.000781250000000 70.708970856102013 0.318391816826988 30
123 0.000878906250000 70.212186653116518 0.319201486072238 32
124 0.001035156250000 66.177028347996071 0.295031616982836 33
125 0.000859375000000 71.632755555555576 0.312924731182796 30
126 0.000781250000000 74.403795278795286 0.325528693528694 26
127 0.000781250000000 73.581128608923862 0.319265091863517 25
128 0.000664062500000 74.035580842391298 0.320070003138195 23
129 0.000761718750000 63.522102251753402 0.272843415466962 28
130 0.000585937500000 75.358913308913316 0.321464065650112 21
131 0.000761718750000 73.685796074154851 0.316584179179599 28
132 0.000332031250000 72.673063973063975 0.311784511784512 15
133 0.000644531250000 74.877255639097740 0.314611718690666 20
134 0.000507812500000 75.798180151872216 0.320080444630823 19
135 0.000527343750000 74.184340480831722 0.308182285453823 19
136 0.000527343750000 72.964070855614963 0.304597445038621 22
137 0.000585937500000 71.564882400648813 0.304392681646868 21
138 0.000449218750000 72.468243819266846 0.300035469598820 17
139 0.000449218750000 77.840184994861261 0.318943602881670 14
140 0.000566406250000 72.984240362811789 0.299300151715362 21
141 0.000585937500000 75.802068557919625 0.310479567713610 20
142 0.000234375000000 83.289692701664535 0.346614178948611 11
143 0.000625000000000 74.154293075345720 0.297790237931083 19
144 0.000390625000000 79.382870370370384 0.322215747215747 15
145 0.000410156250000 75.566995073891619 0.315462506841817 14
146 0.000332031250000 76.581906392694066 0.302511415525114 12
147 0.000332031250000 79.911390197104467 0.334226981976493 13
148 0.000292968750000 79.489527027027037 0.314055892627321 10
149 0.000410156250000 78.099087936671836 0.319179375555214 13
150 0.000312500000000 80.105999999999995 0.326901565995526 10
151 0.000253906250000 77.356512141280348 0.302511650723571 9
152 0.000312500000000 74.734396086369770 0.298357329901422 13
153 0.000371093750000 75.301307189542484 0.299957000343997 15
154 0.000175781250000 74.081574675324674 0.290446481622952 8
155 0.000195312500000 81.257347670250894 0.320150816925011 9
156 0.000195312500000 87.881868131868131 0.347081413210445 7
157 0.000214843750000 90.819684561722781 0.343723509328605 7
158 0.000273437500000 82.163502109704652 0.325113181317326 11
159 0.000253906250000 69.654961565338937 0.275040026890994 9
160 0.000039062500000 88.034374999999997 0.338404088050315 2
161 0.000117187500000 80.966873706004137 0.312629399585922 6
162 0.000136718750000 80.226337448559676 0.319339007744805 6
163 0.000136718750000 90.815337423312883 0.356328107248353 5
164 0.000156250000000 88.649390243902445 0.344972317821338 5
165 0.000156250000000 90.461038961038966 0.348437335022701 7
166 0.000078125000000 102.061244979919664 0.396495071193867 3
167 0.000078125000000 94.620758483033924 0.361265420965298 3
168 0.000078125000000 88.266865079365076 0.329448246364414 3
169 0.000039062500000 98.147928994082832 0.392504930966470 2
170 0.000078125000000 100.080882352941188 0.399460494256874 4
171 0.000078125000000 92.423976608187147 0.349054007567940 4
172 0.000156250000000 97.751453488372078 0.365815823473412 4
173 0.000058593750000 97.435452793834301 0.365438903078371 3
174 0.000039062500000 90.393678160919535 0.347485216929107 2
175 0.000078125000000 100.899999999999991 0.362528735632184 2
176 0.000039062500000 92.232954545454533 0.363084415584416 2
177 0.000058593750000 102.507062146892650 0.383185670261941 2
178 0.000039062500000 101.064606741573044 0.379451533041326 2
179 0.000019531250000 77.418994413407816 0.294394576611638 1
180 0.000039062500000 92.386111111111120 0.364307883302296 2
181 0.000019531250000 108.817679558011051 0.391589932473910 1
182 0.000019531250000 93.016483516483518 0.328031084937162 1
183 0.000078125000000 108.056010928961740 0.388023179006786 1
184 0.000019531250000 89.864130434782609 0.309752910430031 1
185 0.000058593750000 95.639189189189182 0.353363689776733 2
186 0.000039062500000 107.583333333333343 0.385498401627434 1
187 0.000058593750000 86.967914438502660 0.307822053552604 3
188 0.000039062500000 90.984042553191500 0.331721470019342 2
189 0.000000000000000 0.000000000000000 0.000000000000000 0
190 0.000000000000000 0.000000000000000 0.000000000000000 0
191 0.000000000000000 0.000000000000000 0.000000000000000 0
192 0.000039062500000 106.867187500000000 0.370855148342060 1
193 0.000000000000000 0.000000000000000 0.000000000000000 0
194 0.000000000000000 0.000000000000000 0.000000000000000 0
195 0.000000000000000 0.000000000000000 0.000000000000000 0
196 0.000019531250000 89.525510204081627 0.308006279434851 1
197 0.000039062500000 107.784263959390870 0.381332228322802 1
198 0.000000000000000 0.000000000000000 0.000000000000000 0
199 0.000000000000000 0.000000000000000 0.000000000000000 0
200 0.000000000000000 0.000000000000000 0.000000000000000 0
201 0.000019531250000 104.597014925373131 0.360348258706468 1
202 0.000039062500000 95.589108910891085 0.326043052066400 2
203 0.000000000000000 0.000000000000000 0.000000000000000 0
204 0.000000000000000 0.000000000000000 0.000000000000000 0
205 0.000000000000000 0.000000000000000 0.000000000000000 0
206 0.000000000000000 0.000000000000000 0.000000000000000 0
207 0.000000000000000 0.000000000000000 0.000000000000000 0
208 0.000000000000000 0.000000000000000 0.000000000000000 0
209 0.000000000000000 0.000000000000000 0.000000000000000 0
210 0.000000000000000 0.000000000000000 0.000000000000000 0
211 0.000000000000000 0.000000000000000 0.000000000000000 0
212 0.000000000000000 0.000000000000000 0.000000000000000 0
213 0.000000000000000 0.000000000000000 0.000000000000000 0
214 0.000000000000000 0.000000000000000 0.000000000000000 0
215 0.000000000000000 0.000000000000000 0.000000000000000 0
216 0.000000000000000 0.000000000000000 0.000000000000000 0
217 0.000000000000000 0.000000000000000 0.000000000000000 0
218 0.000000000000000 0.000000000000000 0.000000000000000 0
219 0.000000000000000 0.000000000000000 0.000000000000000 0
220 0.000000000000000 0.000000000000000 0.000000000000000 0
221 0.000000000000000 0.000000000000000 0.000000000000000 0
222 0.000000000000000 0.000000000000000 0.000000000000000 0
223 0.000000000000000 0.000000000000000 0.000000000000000 0
224 0.000000000000000 0.000000000000000 0.000000000000000 0
225 0.000000000000000 0.000000000000000 0.000000000000000 0
226 0.000000000000000 0.000000000000000 0.000000000000000 0
227 0.000000000000000 0.000000000000000 0.000000000000000 0
228 0.000000000000000 0.000000000000000 0.000000000000000 0
229 0.000000000000000 0.000000000000000 0.000000000000000 0
230 0.000000000000000 0.000000000000000 0.000000000000000 0
231 0.000000000000000 0.000000000000000 0.000000000000000 0
232 0.000000000000000 0.000000000000000 0.000000000000000 0
233 0.000000000000000 0.000000000000000 0.000000000000000 0
234 0.000000000000000 0.000000000000000 0.000000000000000 0
235 0.000000000000000 0.000000000000000 0.000000000000000 0
236 0.000000000000000 0.000000000000000 0.000000000000000 0
237 0.000000000000000 0.000000000000000 0.000000000000000 0
238 0.000000000000000 0.000000000000000 0.000000000000000 0
239 0.000000000000000 0.000000000000000 0.000000000000000 0
240 0.000000000000000 0.000000000000000 0.000000000000000 0
241 0.000000000000000 0.000000000000000 0.000000000000000 0
242 0.000000000000000 0.000000000000000 0.000000000000000 0
243 0.000000000000000 0.000000000000000 0.000000000000000 0
244 0.000000000000000 0.000000000000000 0.000000000000000 0
245 0.000000000000000 0.000000000000000 0.000000000000000 0
246 0.000000000000000 0.000000000000000 0.000000000000000 0
247 0.000000000000000 0.000000000000000 0.000000000000000 0
248 0.000000000000000 0.000000000000000 0.000000000000000 0
249 0.000000000000000 0.000000000000000 0.000000000000000 0
250 0.000000000000000 0.000000000000000 0.000000000000000 0
251 0.000000000000000 0.000000000000000 0.000000000000000 0
252 0.000000000000000 0.000000000000000 0.000000000000000 0
253 0.000000000000000 0.000000000000000 0.000000000000000 0
254 0.000000000000000 0.000000000000000 0.000000000000000 0
255 0.000000000000000 0.000000000000000 0.000000000000000 0
256 0.000000000000000 0.000000000000000 0.000000000000000 0
257 0.000000000000000 0.000000000000000 0.000000000000000 0
258 0.000000000000000 0.000000000000000 0.000000000000000 0
259 0.000000000000000 0.000000000000000 0.000000000000000 0
260 0.000000000000000 0.000000000000000 0.000000000000000 0
261 0.000000000000000 0.000000000000000 0.000000000000000 0
262 0.000000000000000 0.000000000000000 0.000000000000000 0
263 0.000000000000000 0.000000000000000 0.000000000000000 0
264 0.000000000000000 0.000000000000000 0.000000000000000 0
265 0.000000000000000 0.000000000000000 0.000000000000000 0
266 0.000000000000000 0.000000000000000 0.000000000000000 0
267 0.000000000000000 0.000000000000000 0.000000000000000 0
268 0.000000000000000 0.000000000000000 0.000000000000000 0
269 0.000000000000000 0.000000000000000 0.000000000000000 0
270 0.000000000000000 0.000000000000000 0.000000000000000 0
271 0.000000000000000 0.000000000000000 0.000000000000000 0
272 0.000000000000000 0.000000000000000 0.000000000000000 0
273 0.000000000000000 0.000000000000000 0.000000000000000 0
274 0.000000000000000 0.000000000000000 0.000000000000000 0
275 0.000000000000000 0.000000000000000 0.000000000000000 0
276 0.000000000000000 0.000000000000000 0.000000000000000 0
277 0.000000000000000 0.000000000000000 0.000000000000000 0
278 0.000000000000000 0.000000000000000 0.000000000000000 0
279 0.000000000000000 0.000000000000000 0.000000000000000 0
280 0.000000000000000 0.000000000000000 0.000000000000000 0
281 0.000000000000000 0.000000000000000 0.000000000000000 0
282 0.000000000000000 0.000000000000000 0.000000000000000 0
283 0.000000000000000 0.000000000000000 0.000000000000000 0
284 0.000000000000000 0.000000000000000 0.000000000000000 0
285 0.000000000000000 0.000000000000000 0.000000000000000 0
286 0.000000000000000 0.000000000000000 0.000000000000000 0
287 0.000000000000000 0.000000000000000 0.000000000000000 0
288 0.000000000000000 0.000000000000000 0.000000000000000 0
289 0.000000000000000 0.000000000000000 0.000000000000000 0
290 0.000000000000000 0.000000000000000 0.000000000000000 0
291 0.000000000000000 0.000000000000000 0.000000000000000 0
292 0.000000000000000 0.000000000000000 0.000000000000000 0
293 0.000000000000000 0.000000000000000 0.000000000000000 0
294 0.000000000000000 0.000000000000000 0.000000000000000 0
295 0.000000000000000 0.000000000000000 0.000000000000000 0
296 0.000000000000000 0.000000000000000 0.000000000000000 0
297 0.000000000000000 0.000000000000000 0.000000000000000 0
298 0.000000000000000 0.000000000000000 0.000000000000000 0
299 0.000000000000000 0.000000000000000 0.000000000000000 0
300 0.000000000000000 0.000000000000000 0.000000000000000 0
301 0.000000000000000 0.000000000000000 0.000000000000000 0
302 0.000000000000000 0.000000000000000 0.000000000000000 0
303 0.000000000000000 0.000000000000000 0.000000000000000 0
304 0.000000000000000 0.000000000000000 0.000000000000000 0
305 0.000000000000000 0.000000000000000 0.000000000000000 0
306 0.000000000000000 0.000000000000000 0.000000000000000 0
307 0.000000000000000 0.000000000000000 0.000000000000000 0
308 0.000000000000000 0.000000000000000 0.000000000000000 0
309 0.000000000000000 0.000000000000000 0.000000000000000 0
310 0.000000000000000 0.000000000000000 0.000000000000000 0
311 0.000000000000000 0.000000000000000 0.000000000000000 0
312 0.000000000000000 0.000000000000000 0.000000000000000 0
313 0.000000000000000 0.000000000000000 0.000000000000000 0
314 0.000000000000000 0.000000000000000 0.000000000000000 0
315 0.000000000000000 0.000000000000000 0.000000000000000 0
316 0.000000000000000 0.000000000000000 0.000000000000000 0
317 0.000000000000000 0.000000000000000 0.000000000000000 0
318 0.000000000000000 0.000000000000000 0.000000000000000 0
319 0.000000000000000 0.000000000000000 0.000000000000000 0
320 0.000000000000000 0.000000000000000 0.000000000000000 0
321 0.000000000000000 0.000000000000000 0.000000000000000 0
322 0.000000000000000 0.000000000000000 0.000000000000000 0
323 0.000000000000000 0.000000000000000 0.000000000000000 0
324 0.000000000000000 0.000000000000000 0.000000000000000 0
325 0.000000000000000 0.000000000000000 0.000000000000000 0
326 0.000000000000000 0.000000000000000 0.000000000000000 0
327 0.000000000000000 0.000000000000000 0.000000000000000 0
328 0.000000000000000 0.000000000000000 0.000000000000000 0
329 0.000000000000000 0.000000000000000 0.000000000000000 0
330 0.000000000000000 0.000000000000000 0.000000000000000 0
331 0.000000000000000 0.000000000000000 0.000000000000000 0
332 0.000000000000000 0.000000000000000 0.000000000000000 0
333 0.000000000000000 0.000000000000000 0.000000000000000 0
334 0.000000000000000 0.000000000000000 0.000000000000000 0
335 0.000000000000000 0.000000000000000 0.000000000000000 0
336 0.000000000000000 0.000000000000000 0.000000000000000 0
337 0.000000000000000 0.000000000000000 0.000000000000000 0
338 0.000000000000000 0.000000000000000 0.000000000000000 0
339 0.000000000000000 0.000000000000000 0.000000000000000 0
340 0.000000000000000 0.000000000000000 0.000000000000000 0
341 0.000000000000000 0.000000000000000 0.000000000000000 0
342 0.000000000000000 0.000000000000000 0.000000000000000 0
343 0.000000000000000 0.000000000000000 0.000000000000000 0
344 0.000000000000000 0.000000000000000 0.000000000000000 0
345 0.000000000000000 0.000000000000000 0.000000000000000 0
346 0.000000000000000 0.000000000000000 0.000000000000000 0
347 0.000000000000000 0.000000000000000 0.000000000000000 0
348 0.000000000000000 0.000000000000000 0.000000000000000 0
349 0.000000000000000 0.000000000000000 0.000000000000000 0
350 0.000000000000000 0.000000000000000 0.000000000000000 0
351 0.000000000000000 0.000000000000000 0.000000000000000 0
352 0.000000000000000 0.000000000000000 0.000000000000000 0
353 0.000000000000000 0.000000000000000 0.000000000000000 0
354 0.000000000000000 0.000000000000000 0.000000000000000 0
355 0.000000000000000 0.000000000000000 0.000000000000000 0
356 0.000000000000000 0.000000000000000 0.000000000000000 0
357 0.000000000000000 0.000000000000000 0.000000000000000 0
358 0.000000000000000 0.000000000000000 0.000000000000000 0
359 0.000000000000000 0.000000000000000 0.000000000000000 0
360 0.000000000000000 0.000000000000000 0.000000000000000 0
361 0.000000000000000 0.000000000000000 0.000000000000000 0
362 0.000000000000000 0.000000000000000 0.000000000000000 0
363 0.000000000000000 0.000000000000000 0.000000000000000 0
364 0.000000000000000 0.000000000000000 0.000000000000000 0
365 0.000000000000000 0.000000000000000 0.000000000000000 0
366 0.000000000000000 0.000000000000000 0.000000000000000 0
367 0.000000000000000 0.000000000000000 0.000000000000000 0
368 0.000000000000000 0.000000000000000 0.000000000000000 0
369 0.000000000000000 0.000000000000000 0.000000000000000 0
370 0.000000000000000 0.000000000000000 0.000000000000000 0
371 0.000000000000000 0.000000000000000 0.000000000000000 0
372 0.000000000000000 0.000000000000000 0.000000000000000 0
373 0.000000000000000 0.000000000000000 0.000000000000000 0
374 0.000000000000000 0.000000000000000 0.000000000000000 0
375 0.000000000000000 0.000000000000000 0.000000000000000 0
376 0.000000000000000 0.000000000000000 0.000000000000000 0
377 0.000000000000000 0.000000000000000 0.000000000000000 0
378 0.000000000000000 0.000000000000000 0.000000000000000 0
379 0.000000000000000 0.000000000000000 0.000000000000000 0
380 0.000000000000000 0.000000000000000 0.000000000000000 0
381 0.000000000000000 0.000000000000000 0.000000000000000 0
382 0.000000000000000 0.000000000000000 0.000000000000000 0
383 0.000000000000000 0.000000000000000 0.000000000000000 0
384 0.000000000000000 0.000000000000000 0.000000000000000 0
385 0.000000000000000 0.000000000000000 0.000000000000000 0
386 0.000000000000000 0.000000000000000 0.000000000000000 0
387 0.000000000000000 0.000000000000000 0.000000000000000 0
388 0.000000000000000 0.000000000000000 0.000000000000000 0
389 0.000000000000000 0.000000000000000 0.000000000000000 0
390 0.000000000000000 0.000000000000000 0.000000000000000 0
391 0.000000000000000 0.000000000000000 0.000000000000000 0
392 0.000000000000000 0.000000000000000 0.000000000000000 0
393 0.000000000000000 0.000000000000000 0.000000000000000 0
394 0.000000000000000 0.000000000000000 0.000000000000000 0
395 0.000000000000000 0.000000000000000 0.000000000000000 0
396 0.000000000000000 0.000000000000000 0.000000000000000 0
397 0.000000000000000 0.000000000000000 0.000000000000000 0
398 0.000000000000000 0.000000000000000 0.000000000000000 0
399 0.000000000000000 0.000000000000000 0.000000000000000 0
400 0.000000000000000 0.000000000000000 0.000000000000000 0
401 0.000000000000000 0.000000000000000 0.000000000000000 0
402 0.000000000000000 0.000000000000000 0.000000000000000 0
403 0.000000000000000 0.000000000000000 0.000000000000000 0
404 0.000000000000000 0.000000000000000 0.000000000000000 0
405 0.000000000000000 0.000000000000000 0.000000000000000 0
406 0.000000000000000 0.000000000000000 0.000000000000000 0
407 0.000000000000000 0.000000000000000 0.000000000000000 0
408 0.000000000000000 0.000000000000000 0.000000000000000 0
409 0.000000000000000 0.000000000000000 0.000000000000000 0
410 0.000000000000000 0.000000000000000 0.000000000000000 0
411 0.000000000000000 0.000000000000000 0.000000000000000 0
412 0.000000000000000 0.000000000000000 0.000000000000000 0
413 0.000000000000000 0.000000000000000 0.000000000000000 0
414 0.000000000000000 0.000000000000000 0.000000000000000 0
415 0.000000000000000 0.000000000000000 0.000000000000000 0
416 0.000000000000000 0.000000000000000 0.000000000000000 0
417 0.000000000000000 0.000000000000000 0.000000000000000 0
418 0.000000000000000 0.000000000000000 0.000000000000000 0
419 0.000000000000000 0.000000000000000 0.000000000000000 0
420 0.000000000000000 0.000000000000000 0.000000000000000 0
421 0.000000000000000 0.000000000000000 0.000000000000000 0
422 0.000000000000000 0.000000000000000 0.000000000000000 0
423 0.000000000000000 0.000000000000000 0.000000000000000 0
424 0.000000000000000 0.000000000000000 0.000000000000000 0
425 0.000000000000000 0.000000000000000 0.000000000000000 0
426 0.000000000000000 0.000000000000000 0.000000000000000 0
427 0.000000000000000 0.000000000000000 0.000000000000000 0
428 0.000000000000000 0.000000000000000 0.000000000000000 0
429 0.000000000000000 0.000000000000000 0.000000000000000 0
430 0.000000000000000 0.000000000000000 0.000000000000000 0
431 0.000000000000000 0.000000000000000 0.000000000000000 0
432 0.000000000000000 0.000000000000000 0.000000000000000 0
433 0.000000000000000 0.000000000000000 0.000000000000000 0
434 0.000000000000000 0.000000000000000 0.000000000000000 0
435 0.000000000000000 0.000000000000000 0.000000000000000 0
436 0.000000000000000 0.000000000000000 0.000000000000000 0
437 0.000000000000000 0.000000000000000 0.000000000000000 0
438 0.000000000000000 0.000000000000000 0.000000000000000 0
439 0.000000000000000 0.000000000000000 0.000000000000000 0
440 0.000000000000000 0.000000000000000 0.000000000000000 0
441 0.000000000000000 0.000000000000000 0.000000000000000 0
442 0.000000000000000 0.000000000000000 0.000000000000000 0
443 0.000000000000000 0.000000000000000 0.000000000000000 0
444 0.000000000000000 0.000000000000000 0.000000000000000 0
445 0.000000000000000 0.000000000000000 0.000000000000000 0
446 0.000000000000000 0.000000000000000 0.000000000000000 0
447 0.000000000000000 0.000000000000000 0.000000000000000 0
448 0.000000000000000 0.000000000000000 0.000000000000000 0
449 0.000000000000000 0.000000000000000 0.000000000000000 0
450 0.000000000000000 0.000000000000000 0.000000000000000 0
451 0.000000000000000 0.000000000000000 0.000000000000000 0
452 0.000000000000000 0.000000000000000 0.000000000000000 0
453 0.000000000000000 0.000000000000000 0.000000000000000 0
454 0.000000000000000 0.000000000000000 0.000000000000000 0
455 0.000000000000000 0.000000000000000 0.000000000000000 0
456 0.000000000000000 0.000000000000000 0.000000000000000 0
457 0.000000000000000 0.000000000000000 0.000000000000000 0
458 0.000000000000000 0.000000000000000 0.000000000000000 0
459 0.000000000000000 0.000000000000000 0.000000000000000 0
460 0.000000000000000 0.000000000000000 0.000000000000000 0
461 0.000000000000000 0.000000000000000 0.000000000000000 0
462 0.000000000000000 0.000000000000000 0.000000000000000 0
463 0.000000000000000 0.000000000000000 0.000000000000000 0
464 0.000000000000000 0.000000000000000 0.000000000000000 0
465 0.000000000000000 0.000000000000000 0.000000000000000 0
466 0.000000000000000 0.000000000000000 0.000000000000000 0
467 0.000000000000000 0.000000000000000 0.000000000000000 0
468 0.000000000000000 0.000000000000000 0.000000000000000 0
469 0.000000000000000 0.000000000000000 0.000000000000000 0
470 0.000000000000000 0.000000000000000 0.000000000000000 0
471 0.000000000000000 0.000000000000000 0.000000000000000 0
472 0.000000000000000 0.000000000000000 0.000000000000000 0
473 0.000000000000000 0.000000000000000 0.000000000000000 0
474 0.000000000000000 0.000000000000000 0.000000000000000 0
475 0.000000000000000 0.000000000000000 0.000000000000000 0
476 0.000000000000000 0.000000000000000 0.000000000000000 0
477 0.000000000000000 0.000000000000000 0.000000000000000 0
478 0.000000000000000 0.000000000000000 0.000000000000000 0
479 0.000000000000000 0.000000000000000 0.000000000000000 0
480 0.000000000000000 0.000000000000000 0.000000000000000 0
481 0.000000000000000 0.000000000000000 0.000000000000000 0
482 0.000000000000000 0.000000000000000 0.000000000000000 0
483 0.000000000000000 0.000000000000000 0.000000000000000 0
484 0.000000000000000 0.000000000000000 0.000000000000000 0
485 0.000000000000000 0.000000000000000 0.000000000000000 0
486 0.000000000000000 0.000000000000000 0.000000000000000 0
487 0.000000000000000 0.000000000000000 0.000000000000000 0
488 0.000000000000000 0.000000000000000 0.000000000000000 0
489 0.000000000000000 0.000000000000000 0.000000000000000 0
490 0.000000000000000 0.000000000000000 0.000000000000000 0
491 0.000000000000000 0.000000000000000 0.000000000000000 0
492 0.000000000000000 0.000000000000000 0.000000000000000 0
493 0.000000000000000 0.000000000000000 0.000000000000000 0
494 0.000000000000000 0.000000000000000 0.000000000000000 0
495 0.000000000000000 0.000000000000000 0.000000000000000 0
496 0.000000000000000 0.000000000000000 0.000000000000000 0
497 0.000000000000000 0.000000000000000 0.000000000000000 0
498 0.000000000000000 0.000000000000000 0.000000000000000 0
499 0.000000000000000 0.000000000000000 0.000000000000000 0
500 0.000000000000000 0.000000000000000 0.000000000000000 0
501 0.000000000000000 0.000000000000000 0.000000000000000 0
502 0.000000000000000 0.000000000000000 0.000000000000000 0
503 0.000000000000000 0.000000000000000 0.000000000000000 0
504 0.000000000000000 0.000000000000000 0.000000000000000 0
505 0.000000000000000 0.000000000000000 0.000000000000000 0
506 0.000000000000000 0.000000000000000 0.000000000000000 0
507 0.000000000000000 0.000000000000000 0.000000000000000 0
508 0.000000000000000 0.000000000000000 0.000000000000000 0
509 0.000000000000000 0.000000000000000 0.000000000000000 0
510 0.000000000000000 0.000000000000000 0.000000000000000 0
511 0.000000000000000 0.000000000000000 0.000000000000000 0
