0 0.000000000000000 0.000000000000000 0.000000000000000 0
1 0.058105468750000 72.322817778463900 0.000000000000000 100
2 0.062490234375000 71.999272832949558 0.603811783475799 100
3 0.052773437500000 73.929339444261075 0.556583067069746 100
4 0.044755859375000 75.006256120896794 0.530110291914460 100
5 0.038857421875000 76.461123896132776 0.502896694185024 100
6 0.035322265625000 76.361888838543138 0.486869455031763 100
7 0.029960937500000 77.989920432634676 0.466948488667672 100
8 0.027919921875000 78.135927943230712 0.449717832460895 100
9 0.025390625000000 79.666217745341413 0.443080581779305 100
10 0.024199218750000 79.622823412744594 0.440890450937483 100
11 0.021621093750000 80.397223757277814 0.430547307596055 100
12 0.020029296875000 80.778226304576009 0.421384780262796 100
13 0.018242187500000 81.425254028058220 0.418219160324232 100
14 0.017001953125000 82.439467258612183 0.408496659812477 100
15 0.016318359375000 82.633167311596111 0.404792408683604 100
16 0.015390625000000 83.147126790125256 0.392535477679399 100
17 0.014775390625000 82.373511903353446 0.390787677686912 100
18 0.013720703125000 83.343745986923111 0.386761863791040 100
19 0.012500000000000 83.759400466629870 0.387512407685440 100
20 0.011865234375000 83.683320540856201 0.376702640694359 100
21 0.011513671875000 83.613882753890849 0.380909604269263 100
22 0.010849609375000 82.225123857500208 0.369025193184570 100
23 0.010644531250000 84.347366553203841 0.366650731014832 100
24 0.009843750000000 85.562108206608215 0.361283073798419 100
25 0.009814453125000 85.418967533708127 0.366443709849519 100
26 0.009375000000000 86.022495907247617 0.366150378073410 100
27 0.008242187500000 87.374392235850593 0.370619352474054 100
28 0.008476562500000 87.664273119970588 0.364214424101679 100
29 0.008505859375000 85.486722029604394 0.347796490592057 100
30 0.008232421875000 86.163245576373541 0.349586032219602 100
31 0.007050781250000 85.252502375706186 0.356130379220963 99
32 0.007216796875000 87.372743351113783 0.349123989783145 100
33 0.007001953125000 87.275008706360964 0.354695132808059 100
34 0.007158203125000 85.952203214677482 0.342078471612562 100
35 0.006582031250000 85.720149177806306 0.342850938883712 100
36 0.006513671875000 86.900020553520534 0.341712532705390 100
37 0.006064453125000 86.317103900437232 0.336662548026184 99
38 0.006162109375000 87.923569401240883 0.344712827248712 99
39 0.005908203125000 85.754138999889022 0.330816972501183 100
40 0.005810546875000 87.769012895073487 0.334275231516879 99
41 0.005722656250000 87.305452636656000 0.328849260219345 98
42 0.005664062500000 86.979235097574403 0.331775420540229 100
43 0.005380859375000 87.953450339496868 0.327348796903983 99
44 0.005039062500000 88.735054907844642 0.330829164111669 100
45 0.004355468750000 87.126968502648808 0.327536489627553 98
46 0.004755859375000 87.857539447267712 0.326953445427358 100
47 0.004746093750000 87.859429826805709 0.328000869004569 99
48 0.004619140625000 87.497594830580894 0.323352267752386 99
49 0.004736328125000 88.541868489054607 0.320556397070904 99
50 0.004482421875000 88.971038180640235 0.330661193658486 98
51 0.004433593750000 88.431260281890530 0.324919818721139 98
52 0.004658203125000 87.365602729186875 0.319106510125418 98
53 0.004033203125000 90.035499547676196 0.323858419671491 97
54 0.004033203125000 87.460517529522619 0.316483685629709 98
55 0.003671875000000 87.992094708013113 0.324288593744376 98
56 0.003623046875000 88.647010432574362 0.318102907984468 98
57 0.004033203125000 88.632221038707883 0.322777146238612 100
58 0.003427734375000 88.404804808657175 0.309834642080937 96
59 0.003662109375000 91.601805051116500 0.326430853000659 96
60 0.004013671875000 88.715302418774655 0.311889986103734 99
61 0.003359375000000 89.610571510744066 0.313864511004287 95
62 0.003144531250000 90.353444220430106 0.317782292165059 96
63 0.003183593750000 89.672230576441066 0.310406578401970 95
64 0.003125000000000 89.874457809744257 0.313157764777722 90
65 0.003378906250000 89.946959644663750 0.311529987338342 98
66 0.002900390625000 89.789063433760461 0.313710049770656 99
67 0.002939453125000 88.599717187870226 0.299509049718938 96
68 0.003085937500000 89.371723303356433 0.303104433970498 95
69 0.002812500000000 89.805513141246820 0.308532285196687 96
70 0.002812500000000 91.198486756404705 0.302481063347325 94
71 0.002832031250000 89.585248741341459 0.299246133936750 89
72 0.002695312500000 87.709349380777951 0.300209549932890 91
73 0.002236328125000 91.355051323001291 0.303062041223354 87
74 0.002509765625000 88.213483283126152 0.290683330262587 91
75 0.002187500000000 91.055913059163061 0.302229632229632 88
76 0.002402343750000 89.990695314675605 0.301095145270584 90
77 0.002294921875000 91.172160847810190 0.305675174321577 88
78 0.002412109375000 91.341949997402068 0.307725620377596 94
79 0.002275390625000 93.524082523795528 0.309000103517325 86
80 0.002373046875000 89.061492153679652 0.295308073387583 88
81 0.002236328125000 90.226685114232978 0.298204200368951 87
82 0.002001953125000 90.234676939881609 0.289252060856461 84
83 0.002148437500000 88.623641119098224 0.291817826748684 85
84 0.001777343750000 89.805501700680253 0.291212571373931 80
85 0.002128906250000 91.135612896138838 0.294311008063356 85
86 0.002041015625000 91.306751397151629 0.295466282781366 86
87 0.002060546875000 91.837841931747306 0.298469038871586 86
88 0.001826171875000 91.100408126010549 0.291699976499519 83
89 0.001845703125000 92.513252689731615 0.296324646316185 83
90 0.001982421875000 91.409737295434965 0.294153867742841 86
91 0.001689453125000 92.140672580431598 0.288205079168935 83
92 0.001611328125000 93.911317567567551 0.293719304588870 74
93 0.001650390625000 91.177386072708686 0.291290280838843 80
94 0.002050781250000 90.886205453504232 0.279696716501049 92
95 0.001718750000000 92.990141700404862 0.292195279524507 78
96 0.001660156250000 90.107236842105252 0.284568184441367 76
97 0.001708984375000 92.684086901682178 0.295881624558649 89
98 0.001562500000000 93.963543163744390 0.296766262770536 71
99 0.001533203125000 93.891890011223353 0.295390183009231 75
100 0.001611328125000 93.831846153846172 0.292712423379090 78
101 0.001699218750000 91.861844964984328 0.288770003219834 82
102 0.001640625000000 92.070857737034203 0.281005831675605 77
103 0.001533203125000 92.228493302199823 0.286046992636717 79
104 0.001376953125000 95.039032314717261 0.293655005609720 73
105 0.001572265625000 91.870396825396796 0.279309234213080 78
106 0.001289062500000 95.595729650897823 0.290711746552600 69
107 0.001484375000000 93.749231852515692 0.288424001307622 73
108 0.001435546875000 92.337795600765119 0.281479490767148 71
109 0.001562500000000 95.183218130786315 0.286922222377377 73
110 0.001474609375000 92.818799270904520 0.284136341688249 76
111 0.001386718750000 95.555296010296004 0.292890638319210 70
112 0.001318359375000 96.427556580324421 0.288575146968004 65
113 0.001396484375000 95.009308198973642 0.286442259956474 73
114 0.001230468750000 93.042543859649129 0.276912810220155 69
115 0.001513671875000 95.658092118324362 0.287789515480183 73
116 0.001435546875000 94.700043481548676 0.280842144717115 76
117 0.001328125000000 93.933787522193299 0.279382780119912 69
118 0.001494140625000 93.544614183764523 0.281770035148715 76
119 0.001132812500000 95.917082388510963 0.285439674928352 63
120 0.001435546875000 93.481457166199803 0.273933568525449 68
121 0.001162109375000 96.122239881330813 0.285896023168750 65
122 0.001240234375000 96.476819041614135 0.284292136080512 65
123 0.001220703125000 98.687081475653457 0.283422329992734 62
124 0.001210937500000 93.921389635603362 0.278705464249983 72
125 0.001201171875000 96.203199999999967 0.277970335230867 68
126 0.000937500000000 98.781773399014739 0.283357854406130 58
127 0.001123046875000 94.267197477181043 0.276741309077659 67
128 0.000927734375000 98.628108121141963 0.290584786927676 54
129 0.001005859375000 97.801423537702632 0.283710102478271 55
130 0.000986328125000 95.725197238658765 0.271615980918307 52
131 0.000976562500000 97.965411950513285 0.281737198048069 58
132 0.001064453125000 95.394144838212640 0.271214473627464 59
133 0.000771484375000 97.612314878104357 0.273094495881577 44
134 0.000878906250000 94.608155343969784 0.269526105536615 58
135 0.000937500000000 100.504872134038820 0.289036793545500 56
136 0.000849609375000 97.106469663337037 0.274706498951782 53
137 0.000888671875000 93.115930222453940 0.263826219356356 56
138 0.000937500000000 99.153478692201503 0.282399798753734 56
139 0.000820312500000 98.224020783373319 0.281135598767363 48
140 0.000869140625000 97.005331959706965 0.276646704614331 52
141 0.000996093750000 97.273218798402212 0.277762172611769 58
142 0.000957031250000 97.946428881933556 0.275046892862296 54
143 0.000986328125000 97.317542672381393 0.273222915203833 62
144 0.000898437500000 96.063331228956216 0.281318429045702 55
145 0.000810546875000 99.552786814140092 0.277796452926577 53
146 0.000937500000000 97.816196067468084 0.274678453336932 49
147 0.000683593750000 98.549741602067201 0.271232768354236 43
148 0.000761718750000 99.142049982674990 0.272201744523173 52
149 0.000947265625000 96.588827588821914 0.266288541413670 59
150 0.000781250000000 99.161791383219935 0.271760945989134 49
151 0.000771484375000 98.941889461205150 0.278151145995149 54
152 0.000712890625000 98.372853676745024 0.275570014757904 47
153 0.000703125000000 95.902925290486564 0.263087870991476 48
154 0.000869140625000 99.739367965367990 0.277463288345641 50
155 0.000673828125000 100.951475634866142 0.284584644365015 47
156 0.000859375000000 97.016339334424458 0.266358047504238 47
157 0.000771484375000 99.474566525123848 0.273560414284937 48
158 0.000644531250000 97.287472985489316 0.273317857140516 41
159 0.000742187500000 101.175807127882592 0.281775999787703 50
160 0.000615234375000 99.147914062499993 0.277467603511530 40
161 0.000625000000000 98.152119429007314 0.265905933311540 38
162 0.000625000000000 95.872624989055254 0.260553595017569 47
163 0.000478515625000 98.163433372022340 0.270060448997054 37
164 0.000703125000000 105.192033055198962 0.282434679771402 38
165 0.000673828125000 101.894843995510669 0.272037584517259 45
166 0.000673828125000 96.981065169770005 0.263538368349431 44
167 0.000605468750000 100.111683609525187 0.270514728458466 43
168 0.000517578125000 102.575473137973134 0.273059192969373 39
169 0.000595703125000 101.292427750621712 0.275267119539695 46
170 0.000546875000000 99.406647537063591 0.268585569600910 41
171 0.000507812500000 96.606340412434577 0.256052239301384 38
172 0.000576171875000 102.767297821076909 0.273428569328202 37
173 0.000625000000000 101.492158963257239 0.271160695579300 37
174 0.000566406250000 102.726987547892733 0.272966358824441 40
175 0.000546875000000 104.171717171717205 0.282551458758355 33
176 0.000625000000000 100.875868055555543 0.270166396103896 48
177 0.000478515625000 99.178479712378021 0.264657683667699 33
178 0.000439453125000 107.032606300947364 0.284566711849470 34
179 0.000468750000000 99.909755049419843 0.264723350217042 39
180 0.000449218750000 104.698891694725049 0.278450394698067 33
181 0.000439453125000 105.644858809085321 0.273161789782416 30
182 0.000429687500000 104.680517399267387 0.270955707506122 32
183 0.000419921875000 105.140604128718877 0.275158796880108 30
184 0.000292968750000 104.408369565217399 0.269594915656926 25
185 0.000527343750000 104.147168597168616 0.275626853561636 35
186 0.000556640625000 103.899124423963130 0.278169164556261 35
187 0.000410156250000 107.797937356760912 0.279353579163826 28
188 0.000429687500000 104.979099505695260 0.274399760490328 33
189 0.000566406250000 102.175156770527124 0.262238993750026 36
190 0.000419921875000 103.703801169590633 0.261190012067205 30
191 0.000429687500000 96.761730241834954 0.247283129289192 35
192 0.000458984375000 105.091221064814818 0.271342410800853 30
193 0.000371093750000 105.854548071387441 0.274776314526962 30
194 0.000449218750000 107.198840206185594 0.275059647810836 30
195 0.000322265625000 112.443441099962854 0.285086217134626 23
196 0.000449218750000 102.899075255102034 0.261064505930577 32
197 0.000332031250000 104.290311462054277 0.267814457988497 27
198 0.000332031250000 110.045656565656586 0.283565605291494 25
199 0.000302734375000 108.248442211055263 0.275920004060708 25
200 0.000361328125000 105.940036231884037 0.268492462311558 23
201 0.000390625000000 109.435630489527668 0.276992813709232 27
202 0.000332031250000 104.454174917491784 0.264299459796726 25
203 0.000361328125000 104.336030964109796 0.264274478996105 28
204 0.000322265625000 100.996907096171824 0.252725515493554 28
205 0.000390625000000 104.516531165311662 0.265271799776821 27
206 0.000263671875000 111.661927877947292 0.274489285808253 21
207 0.000380859375000 107.998031848273385 0.268820342315957 27
208 0.000263671875000 100.615637651821885 0.252167719559024 19
209 0.000234375000000 107.149034201665785 0.260496326285800 18
210 0.000253906250000 107.452898550724655 0.264053414167831 23
211 0.000283203125000 107.260766536163217 0.265853227753084 23
212 0.000185546875000 103.168126684636135 0.257149457297003 14
213 0.000283203125000 111.004471272076927 0.269352663851734 21
214 0.000244140625000 104.237582208376608 0.260933896908624 18
215 0.000224609375000 106.475944767441845 0.260554997102079 16
216 0.000244140625000 106.721810699588474 0.260482917025553 15
217 0.000234375000000 109.339154337456520 0.269722244679800 19
218 0.000273437500000 112.005454475368126 0.266742151136868 17
219 0.000302734375000 114.314127213009698 0.275185996073927 19
220 0.000234375000000 112.081818181818178 0.271339882846732 15
221 0.000205078125000 111.429997338301845 0.265435429622281 17
222 0.000253906250000 112.107982982982975 0.266927938496566 18
223 0.000244140625000 114.573897608370714 0.276416410805424 16
224 0.000273437500000 110.271661086309507 0.262542040358744 16
225 0.000205078125000 118.268923076923073 0.278122405372405 13
226 0.000146484375000 117.051488334674204 0.285204254938768 11
227 0.000263671875000 111.157812904897654 0.265131849004855 17
228 0.000253906250000 109.870614035087726 0.254729772734505 17
229 0.000166015625000 112.602037845705951 0.270530401695651 15
230 0.000234375000000 121.713299232736574 0.290840304224975 17
231 0.000185546875000 110.420935545935563 0.262802978020369 12
232 0.000195312500000 113.571274630541879 0.277174453898592 14
233 0.000166015625000 109.083203277409297 0.261689897345514 11
234 0.000087890625000 108.482104700854691 0.246503704926452 8
235 0.000175781250000 115.288781431334613 0.272105396573482 11
236 0.000195312500000 107.811114732724917 0.250859478302681 13
237 0.000195312500000 111.577496483825598 0.266922930224797 15
238 0.000097656250000 115.681605975723613 0.278193415200117 9
239 0.000126953125000 118.111639406618494 0.274828912165855 11
240 0.000126953125000 105.370512820512815 0.250995064907199 13
241 0.000107421875000 119.083909635776863 0.281821499923160 9
242 0.000146484375000 134.558453856749310 0.317773881782746 8
243 0.000126953125000 125.011042524005489 0.294489224455554 10
244 0.000107421875000 127.602751756440284 0.296137277011594 7
245 0.000117187500000 124.886848072562373 0.294111743057879 9
246 0.000146484375000 125.665650406504071 0.291583114081870 14
247 0.000117187500000 118.345521255060731 0.276519452947566 8
248 0.000097656250000 121.915034562211986 0.288109386369149 7
249 0.000068359375000 120.039156626506028 0.272285378071425 6
250 0.000087890625000 122.684285714285707 0.280748135398738 7
251 0.000078125000000 123.394754316069069 0.282517928286853 6
252 0.000048828125000 118.096825396825395 0.268431037753747 5
253 0.000048828125000 121.875889328063252 0.267595206725641 5
254 0.000078125000000 130.235564304461917 0.296318197379478 5
255 0.000068359375000 113.563725490196077 0.272240234676548 6
256 0.000048828125000 127.584374999999994 0.281770833333333 5
257 0.000048828125000 134.238651102464331 0.308848762429745 3
258 0.000087890625000 132.754706533776272 0.307237871168737 7
259 0.000039062500000 143.219111969111964 0.327444554188740 4
260 0.000078125000000 145.624038461538476 0.323700623700624 4
261 0.000068359375000 132.796615581098337 0.299206700068769 6
262 0.000048828125000 131.226463104325688 0.283159310929777 3
263 0.000068359375000 125.311787072243348 0.292029307006232 7
264 0.000019531250000 133.367424242424249 0.286856204631870 2
265 0.000019531250000 148.207547169811335 0.349742710120069 2
266 0.000009765625000 125.657894736842110 0.279699248120301 1
267 0.000019531250000 132.691011235955045 0.284756835910000 2
268 0.000039062500000 140.298507462686558 0.308779138017776 4
269 0.000029296875000 143.148698884758375 0.327794114927223 3
270 0.000058593750000 139.347222222222229 0.312602689430447 4
271 0.000029296875000 140.982779827798282 0.316723611680561 3
272 0.000039062500000 123.550245098039227 0.271552347876420 3
273 0.000029296875000 140.283272283272282 0.312091503267974 3
274 0.000048828125000 137.620894160583930 0.311468944680623 4
275 0.000058593750000 140.614909090909094 0.314558725945587 5
276 0.000009765625000 123.702898550724640 0.278050065876153 1
277 0.000000000000000 0.000000000000000 0.000000000000000 0
278 0.000097656250000 128.599320543565142 0.286080161141845 6
279 0.000039062500000 143.117682198327373 0.308725062960384 2
280 0.000029296875000 143.544047619047632 0.324074074074074 3
281 0.000039062500000 140.134045077105583 0.305443992543637 3
282 0.000019531250000 124.030141843971620 0.295222230635270 1
283 0.000019531250000 160.966431095406364 0.345826128361276 1
284 0.000029296875000 158.903755868544607 0.338700044791719 1
285 0.000000000000000 0.000000000000000 0.000000000000000 0
286 0.000039062500000 153.033799533799538 0.329256123992966 2
287 0.000029296875000 139.386759581881535 0.308666942813284 3
288 0.000009765625000 140.638888888888886 0.293844367015099 1
289 0.000019531250000 158.804498269896186 0.334486735870819 1
290 0.000000000000000 0.000000000000000 0.000000000000000 0
291 0.000019531250000 140.707903780068705 0.290911245408224 1
292 0.000039062500000 140.418378995433784 0.305280955295077 3
293 0.000019531250000 162.104095563139936 0.346720276777783 1
294 0.000009765625000 138.115646258503403 0.277030948898331 1
295 0.000000000000000 0.000000000000000 0.000000000000000 0
296 0.000019531250000 160.221283783783775 0.340231333027944 1
297 0.000000000000000 0.000000000000000 0.000000000000000 0
298 0.000000000000000 0.000000000000000 0.000000000000000 0
299 0.000000000000000 0.000000000000000 0.000000000000000 0
300 0.000000000000000 0.000000000000000 0.000000000000000 0
301 0.000000000000000 0.000000000000000 0.000000000000000 0
302 0.000000000000000 0.000000000000000 0.000000000000000 0
303 0.000000000000000 0.000000000000000 0.000000000000000 0
304 0.000000000000000 0.000000000000000 0.000000000000000 0
305 0.000009765625000 107.980327868852456 0.212079378774806 1
306 0.000009765625000 156.607843137254889 0.326818814957677 1
307 0.000000000000000 0.000000000000000 0.000000000000000 0
308 0.000000000000000 0.000000000000000 0.000000000000000 0
309 0.000009765625000 123.398058252427191 0.257722859664607 1
310 0.000000000000000 0.000000000000000 0.000000000000000 0
311 0.000019531250000 146.524115755627008 0.297137226428793 2
312 0.000000000000000 0.000000000000000 0.000000000000000 0
313 0.000000000000000 0.000000000000000 0.000000000000000 0
314 0.000000000000000 0.000000000000000 0.000000000000000 0
315 0.000000000000000 0.000000000000000 0.000000000000000 0
316 0.000000000000000 0.000000000000000 0.000000000000000 0
317 0.000000000000000 0.000000000000000 0.000000000000000 0
318 0.000000000000000 0.000000000000000 0.000000000000000 0
319 0.000009765625000 134.843260188087783 0.266654837246900 1
320 0.000000000000000 0.000000000000000 0.000000000000000 0
321 0.000000000000000 0.000000000000000 0.000000000000000 0
322 0.000000000000000 0.000000000000000 0.000000000000000 0
323 0.000000000000000 0.000000000000000 0.000000000000000 0
324 0.000000000000000 0.000000000000000 0.000000000000000 0
325 0.000009765625000 152.129230769230759 0.309591642924976 1
326 0.000000000000000 0.000000000000000 0.000000000000000 0
327 0.000000000000000 0.000000000000000 0.000000000000000 0
328 0.000000000000000 0.000000000000000 0.000000000000000 0
329 0.000000000000000 0.000000000000000 0.000000000000000 0
330 0.000000000000000 0.000000000000000 0.000000000000000 0
331 0.000000000000000 0.000000000000000 0.000000000000000 0
332 0.000000000000000 0.000000000000000 0.000000000000000 0
333 0.000000000000000 0.000000000000000 0.000000000000000 0
334 0.000000000000000 0.000000000000000 0.000000000000000 0
335 0.000000000000000 0.000000000000000 0.000000000000000 0
336 0.000000000000000 0.000000000000000 0.000000000000000 0
337 0.000000000000000 0.000000000000000 0.000000000000000 0
338 0.000000000000000 0.000000000000000 0.000000000000000 0
339 0.000000000000000 0.000000000000000 0.000000000000000 0
340 0.000000000000000 0.000000000000000 0.000000000000000 0
341 0.000000000000000 0.000000000000000 0.000000000000000 0
342 0.000000000000000 0.000000000000000 0.000000000000000 0
343 0.000000000000000 0.000000000000000 0.000000000000000 0
344 0.000000000000000 0.000000000000000 0.000000000000000 0
345 0.000000000000000 0.000000000000000 0.000000000000000 0
346 0.000000000000000 0.000000000000000 0.000000000000000 0
347 0.000000000000000 0.000000000000000 0.000000000000000 0
348 0.000000000000000 0.000000000000000 0.000000000000000 0
349 0.000000000000000 0.000000000000000 0.000000000000000 0
350 0.000000000000000 0.000000000000000 0.000000000000000 0
351 0.000000000000000 0.000000000000000 0.000000000000000 0
352 0.000000000000000 0.000000000000000 0.000000000000000 0
353 0.000000000000000 0.000000000000000 0.000000000000000 0
354 0.000000000000000 0.000000000000000 0.000000000000000 0
355 0.000000000000000 0.000000000000000 0.000000000000000 0
356 0.000000000000000 0.000000000000000 0.000000000000000 0
357 0.000000000000000 0.000000000000000 0.000000000000000 0
358 0.000000000000000 0.000000000000000 0.000000000000000 0
359 0.000000000000000 0.000000000000000 0.000000000000000 0
360 0.000000000000000 0.000000000000000 0.000000000000000 0
361 0.000000000000000 0.000000000000000 0.000000000000000 0
362 0.000000000000000 0.000000000000000 0.000000000000000 0
363 0.000000000000000 0.000000000000000 0.000000000000000 0
364 0.000000000000000 0.000000000000000 0.000000000000000 0
365 0.000000000000000 0.000000000000000 0.000000000000000 0
366 0.000000000000000 0.000000000000000 0.000000000000000 0
367 0.000000000000000 0.000000000000000 0.000000000000000 0
368 0.000000000000000 0.000000000000000 0.000000000000000 0
369 0.000000000000000 0.000000000000000 0.000000000000000 0
370 0.000000000000000 0.000000000000000 0.000000000000000 0
371 0.000000000000000 0.000000000000000 0.000000000000000 0
372 0.000000000000000 0.000000000000000 0.000000000000000 0
373 0.000000000000000 0.000000000000000 0.000000000000000 0
374 0.000000000000000 0.000000000000000 0.000000000000000 0
375 0.000000000000000 0.000000000000000 0.000000000000000 0
376 0.000000000000000 0.000000000000000 0.000000000000000 0
377 0.000000000000000 0.000000000000000 0.000000000000000 0
378 0.000000000000000 0.000000000000000 0.000000000000000 0
379 0.000000000000000 0.000000000000000 0.000000000000000 0
380 0.000000000000000 0.000000000000000 0.000000000000000 0
381 0.000000000000000 0.000000000000000 0.000000000000000 0
382 0.000000000000000 0.000000000000000 0.000000000000000 0
383 0.000000000000000 0.000000000000000 0.000000000000000 0
384 0.000000000000000 0.000000000000000 0.000000000000000 0
385 0.000000000000000 0.000000000000000 0.000000000000000 0
386 0.000000000000000 0.000000000000000 0.000000000000000 0
387 0.000000000000000 0.000000000000000 0.000000000000000 0
388 0.000000000000000 0.000000000000000 0.000000000000000 0
389 0.000000000000000 0.000000000000000 0.000000000000000 0
390 0.000000000000000 0.000000000000000 0.000000000000000 0
391 0.000000000000000 0.000000000000000 0.000000000000000 0
392 0.000000000000000 0.000000000000000 0.000000000000000 0
393 0.000000000000000 0.000000000000000 0.000000000000000 0
394 0.000000000000000 0.000000000000000 0.000000000000000 0
395 0.000000000000000 0.000000000000000 0.000000000000000 0
396 0.000000000000000 0.000000000000000 0.000000000000000 0
397 0.000000000000000 0.000000000000000 0.000000000000000 0
398 0.000000000000000 0.000000000000000 0.000000000000000 0
399 0.000000000000000 0.000000000000000 0.000000000000000 0
400 0.000000000000000 0.000000000000000 0.000000000000000 0
401 0.000000000000000 0.000000000000000 0.000000000000000 0
402 0.000000000000000 0.000000000000000 0.000000000000000 0
403 0.000000000000000 0.000000000000000 0.000000000000000 0
404 0.000000000000000 0.000000000000000 0.000000000000000 0
405 0.000000000000000 0.000000000000000 0.000000000000000 0
406 0.000000000000000 0.000000000000000 0.000000000000000 0
407 0.000000000000000 0.000000000000000 0.000000000000000 0
408 0.000000000000000 0.000000000000000 0.000000000000000 0
409 0.000000000000000 0.000000000000000 0.000000000000000 0
410 0.000000000000000 0.000000000000000 0.000000000000000 0
411 0.000000000000000 0.000000000000000 0.000000000000000 0
412 0.000000000000000 0.000000000000000 0.000000000000000 0
413 0.000000000000000 0.000000000000000 0.000000000000000 0
414 0.000000000000000 0.000000000000000 0.000000000000000 0
415 0.000000000000000 0.000000000000000 0.000000000000000 0
416 0.000000000000000 0.000000000000000 0.000000000000000 0
417 0.000000000000000 0.000000000000000 0.000000000000000 0
418 0.000000000000000 0.000000000000000 0.000000000000000 0
419 0.000000000000000 0.000000000000000 0.000000000000000 0
420 0.000000000000000 0.000000000000000 0.000000000000000 0
421 0.000000000000000 0.000000000000000 0.000000000000000 0
422 0.000000000000000 0.000000000000000 0.000000000000000 0
423 0.000000000000000 0.000000000000000 0.000000000000000 0
424 0.000000000000000 0.000000000000000 0.000000000000000 0
425 0.000000000000000 0.000000000000000 0.000000000000000 0
426 0.000000000000000 0.000000000000000 0.000000000000000 0
427 0.000000000000000 0.000000000000000 0.000000000000000 0
428 0.000000000000000 0.000000000000000 0.000000000000000 0
429 0.000000000000000 0.000000000000000 0.000000000000000 0
430 0.000000000000000 0.000000000000000 0.000000000000000 0
431 0.000000000000000 0.000000000000000 0.000000000000000 0
432 0.000000000000000 0.000000000000000 0.000000000000000 0
433 0.000000000000000 0.000000000000000 0.000000000000000 0
434 0.000000000000000 0.000000000000000 0.000000000000000 0
435 0.000000000000000 0.000000000000000 0.000000000000000 0
436 0.000000000000000 0.000000000000000 0.000000000000000 0
437 0.000000000000000 0.000000000000000 0.000000000000000 0
438 0.000000000000000 0.000000000000000 0.000000000000000 0
439 0.000000000000000 0.000000000000000 0.000000000000000 0
440 0.000000000000000 0.000000000000000 0.000000000000000 0
441 0.000000000000000 0.000000000000000 0.000000000000000 0
442 0.000000000000000 0.000000000000000 0.000000000000000 0
443 0.000000000000000 0.000000000000000 0.000000000000000 0
444 0.000000000000000 0.000000000000000 0.000000000000000 0
445 0.000000000000000 0.000000000000000 0.000000000000000 0
446 0.000000000000000 0.000000000000000 0.000000000000000 0
447 0.000000000000000 0.000000000000000 0.000000000000000 0
448 0.000000000000000 0.000000000000000 0.000000000000000 0
449 0.000000000000000 0.000000000000000 0.000000000000000 0
450 0.000000000000000 0.000000000000000 0.000000000000000 0
451 0.000000000000000 0.000000000000000 0.000000000000000 0
452 0.000000000000000 0.000000000000000 0.000000000000000 0
453 0.000000000000000 0.000000000000000 0.000000000000000 0
454 0.000000000000000 0.000000000000000 0.000000000000000 0
455 0.000000000000000 0.000000000000000 0.000000000000000 0
456 0.000000000000000 0.000000000000000 0.000000000000000 0
457 0.000000000000000 0.000000000000000 0.000000000000000 0
458 0.000000000000000 0.000000000000000 0.000000000000000 0
459 0.000000000000000 0.000000000000000 0.000000000000000 0
460 0.000000000000000 0.000000000000000 0.000000000000000 0
461 0.000000000000000 0.000000000000000 0.000000000000000 0
462 0.000000000000000 0.000000000000000 0.000000000000000 0
463 0.000000000000000 0.000000000000000 0.000000000000000 0
464 0.000000000000000 0.000000000000000 0.000000000000000 0
465 0.000000000000000 0.000000000000000 0.000000000000000 0
466 0.000000000000000 0.000000000000000 0.000000000000000 0
467 0.000000000000000 0.000000000000000 0.000000000000000 0
468 0.000000000000000 0.000000000000000 0.000000000000000 0
469 0.000000000000000 0.000000000000000 0.000000000000000 0
470 0.000000000000000 0.000000000000000 0.000000000000000 0
471 0.000000000000000 0.000000000000000 0.000000000000000 0
472 0.000000000000000 0.000000000000000 0.000000000000000 0
473 0.000000000000000 0.000000000000000 0.000000000000000 0
474 0.000000000000000 0.000000000000000 0.000000000000000 0
475 0.000000000000000 0.000000000000000 0.000000000000000 0
476 0.000000000000000 0.000000000000000 0.000000000000000 0
477 0.000000000000000 0.000000000000000 0.000000000000000 0
478 0.000000000000000 0.000000000000000 0.000000000000000 0
479 0.000000000000000 0.000000000000000 0.000000000000000 0
480 0.000000000000000 0.000000000000000 0.000000000000000 0
481 0.000000000000000 0.000000000000000 0.000000000000000 0
482 0.000000000000000 0.000000000000000 0.000000000000000 0
483 0.000000000000000 0.000000000000000 0.000000000000000 0
484 0.000000000000000 0.000000000000000 0.000000000000000 0
485 0.000000000000000 0.000000000000000 0.000000000000000 0
486 0.000000000000000 0.000000000000000 0.000000000000000 0
487 0.000000000000000 0.000000000000000 0.000000000000000 0
488 0.000000000000000 0.000000000000000 0.000000000000000 0
489 0.000000000000000 0.000000000000000 0.000000000000000 0
490 0.000000000000000 0.000000000000000 0.000000000000000 0
491 0.000000000000000 0.000000000000000 0.000000000000000 0
492 0.000000000000000 0.000000000000000 0.000000000000000 0
493 0.000000000000000 0.000000000000000 0.000000000000000 0
494 0.000000000000000 0.000000000000000 0.000000000000000 0
495 0.000000000000000 0.000000000000000 0.000000000000000 0
496 0.000000000000000 0.000000000000000 0.000000000000000 0
497 0.000000000000000 0.000000000000000 0.000000000000000 0
498 0.000000000000000 0.000000000000000 0.000000000000000 0
499 0.000000000000000 0.000000000000000 0.000000000000000 0
500 0.000000000000000 0.000000000000000 0.000000000000000 0
501 0.000000000000000 0.000000000000000 0.000000000000000 0
502 0.000000000000000 0.000000000000000 0.000000000000000 0
503 0.000000000000000 0.000000000000000 0.000000000000000 0
504 0.000000000000000 0.000000000000000 0.000000000000000 0
505 0.000000000000000 0.000000000000000 0.000000000000000 0
506 0.000000000000000 0.000000000000000 0.000000000000000 0
507 0.000000000000000 0.000000000000000 0.000000000000000 0
508 0.000000000000000 0.000000000000000 0.000000000000000 0
509 0.000000000000000 0.000000000000000 0.000000000000000 0
510 0.000000000000000 0.000000000000000 0.000000000000000 0
511 0.000000000000000 0.000000000000000 0.000000000000000 0
512 0.000000000000000 0.000000000000000 0.000000000000000 0
513 0.000000000000000 0.000000000000000 0.000000000000000 0
514 0.000000000000000 0.000000000000000 0.000000000000000 0
515 0.000000000000000 0.000000000000000 0.000000000000000 0
516 0.000000000000000 0.000000000000000 0.000000000000000 0
517 0.000000000000000 0.000000000000000 0.000000000000000 0
518 0.000000000000000 0.000000000000000 0.000000000000000 0
519 0.000000000000000 0.000000000000000 0.000000000000000 0
520 0.000000000000000 0.000000000000000 0.000000000000000 0
521 0.000000000000000 0.000000000000000 0.000000000000000 0
522 0.000000000000000 0.000000000000000 0.000000000000000 0
523 0.000000000000000 0.000000000000000 0.000000000000000 0
524 0.000000000000000 0.000000000000000 0.000000000000000 0
525 0.000000000000000 0.000000000000000 0.000000000000000 0
526 0.000000000000000 0.000000000000000 0.000000000000000 0
527 0.000000000000000 0.000000000000000 0.000000000000000 0
528 0.000000000000000 0.000000000000000 0.000000000000000 0
529 0.000000000000000 0.000000000000000 0.000000000000000 0
530 0.000000000000000 0.000000000000000 0.000000000000000 0
531 0.000000000000000 0.000000000000000 0.000000000000000 0
532 0.000000000000000 0.000000000000000 0.000000000000000 0
533 0.000000000000000 0.000000000000000 0.000000000000000 0
534 0.000000000000000 0.000000000000000 0.000000000000000 0
535 0.000000000000000 0.000000000000000 0.000000000000000 0
536 0.000000000000000 0.000000000000000 0.000000000000000 0
537 0.000000000000000 0.000000000000000 0.000000000000000 0
538 0.000000000000000 0.000000000000000 0.000000000000000 0
539 0.000000000000000 0.000000000000000 0.000000000000000 0
540 0.000000000000000 0.000000000000000 0.000000000000000 0
541 0.000000000000000 0.000000000000000 0.000000000000000 0
542 0.000000000000000 0.000000000000000 0.000000000000000 0
543 0.000000000000000 0.000000000000000 0.000000000000000 0
544 0.000000000000000 0.000000000000000 0.000000000000000 0
545 0.000000000000000 0.000000000000000 0.000000000000000 0
546 0.000000000000000 0.000000000000000 0.000000000000000 0
547 0.000000000000000 0.000000000000000 0.000000000000000 0
548 0.000000000000000 0.000000000000000 0.000000000000000 0
549 0.000000000000000 0.000000000000000 0.000000000000000 0
550 0.000000000000000 0.000000000000000 0.000000000000000 0
551 0.000000000000000 0.000000000000000 0.000000000000000 0
552 0.000000000000000 0.000000000000000 0.000000000000000 0
553 0.000000000000000 0.000000000000000 0.000000000000000 0
554 0.000000000000000 0.000000000000000 0.000000000000000 0
555 0.000000000000000 0.000000000000000 0.000000000000000 0
556 0.000000000000000 0.000000000000000 0.000000000000000 0
557 0.000000000000000 0.000000000000000 0.000000000000000 0
558 0.000000000000000 0.000000000000000 0.000000000000000 0
559 0.000000000000000 0.000000000000000 0.000000000000000 0
560 0.000000000000000 0.000000000000000 0.000000000000000 0
561 0.000000000000000 0.000000000000000 0.000000000000000 0
562 0.000000000000000 0.000000000000000 0.000000000000000 0
563 0.000000000000000 0.000000000000000 0.000000000000000 0
564 0.000000000000000 0.000000000000000 0.000000000000000 0
565 0.000000000000000 0.000000000000000 0.000000000000000 0
566 0.000000000000000 0.000000000000000 0.000000000000000 0
567 0.000000000000000 0.000000000000000 0.000000000000000 0
568 0.000000000000000 0.000000000000000 0.000000000000000 0
569 0.000000000000000 0.000000000000000 0.000000000000000 0
570 0.000000000000000 0.000000000000000 0.000000000000000 0
571 0.000000000000000 0.000000000000000 0.000000000000000 0
572 0.000000000000000 0.000000000000000 0.000000000000000 0
573 0.000000000000000 0.000000000000000 0.000000000000000 0
574 0.000000000000000 0.000000000000000 0.000000000000000 0
575 0.000000000000000 0.000000000000000 0.000000000000000 0
576 0.000000000000000 0.000000000000000 0.000000000000000 0
577 0.000000000000000 0.000000000000000 0.000000000000000 0
578 0.000000000000000 0.000000000000000 0.000000000000000 0
579 0.000000000000000 0.000000000000000 0.000000000000000 0
580 0.000000000000000 0.000000000000000 0.000000000000000 0
581 0.000000000000000 0.000000000000000 0.000000000000000 0
582 0.000000000000000 0.000000000000000 0.000000000000000 0
583 0.000000000000000 0.000000000000000 0.000000000000000 0
584 0.000000000000000 0.000000000000000 0.000000000000000 0
585 0.000000000000000 0.000000000000000 0.000000000000000 0
586 0.000000000000000 0.000000000000000 0.000000000000000 0
587 0.000000000000000 0.000000000000000 0.000000000000000 0
588 0.000000000000000 0.000000000000000 0.000000000000000 0
589 0.000000000000000 0.000000000000000 0.000000000000000 0
590 0.000000000000000 0.000000000000000 0.000000000000000 0
591 0.000000000000000 0.000000000000000 0.000000000000000 0
592 0.000000000000000 0.000000000000000 0.000000000000000 0
593 0.000000000000000 0.000000000000000 0.000000000000000 0
594 0.000000000000000 0.000000000000000 0.000000000000000 0
595 0.000000000000000 0.000000000000000 0.000000000000000 0
596 0.000000000000000 0.000000000000000 0.000000000000000 0
597 0.000000000000000 0.000000000000000 0.000000000000000 0
598 0.000000000000000 0.000000000000000 0.000000000000000 0
599 0.000000000000000 0.000000000000000 0.000000000000000 0
600 0.000000000000000 0.000000000000000 0.000000000000000 0
601 0.000000000000000 0.000000000000000 0.000000000000000 0
602 0.000000000000000 0.000000000000000 0.000000000000000 0
603 0.000000000000000 0.000000000000000 0.000000000000000 0
604 0.000000000000000 0.000000000000000 0.000000000000000 0
605 0.000000000000000 0.000000000000000 0.000000000000000 0
606 0.000000000000000 0.000000000000000 0.000000000000000 0
607 0.000000000000000 0.000000000000000 0.000000000000000 0
608 0.000000000000000 0.000000000000000 0.000000000000000 0
609 0.000000000000000 0.000000000000000 0.000000000000000 0
610 0.000000000000000 0.000000000000000 0.000000000000000 0
611 0.000000000000000 0.000000000000000 0.000000000000000 0
612 0.000000000000000 0.000000000000000 0.000000000000000 0
613 0.000000000000000 0.000000000000000 0.000000000000000 0
614 0.000000000000000 0.000000000000000 0.000000000000000 0
615 0.000000000000000 0.000000000000000 0.000000000000000 0
616 0.000000000000000 0.000000000000000 0.000000000000000 0
617 0.000000000000000 0.000000000000000 0.000000000000000 0
618 0.000000000000000 0.000000000000000 0.000000000000000 0
619 0.000000000000000 0.000000000000000 0.000000000000000 0
620 0.000000000000000 0.000000000000000 0.000000000000000 0
621 0.000000000000000 0.000000000000000 0.000000000000000 0
622 0.000000000000000 0.000000000000000 0.000000000000000 0
623 0.000000000000000 0.000000000000000 0.000000000000000 0
624 0.000000000000000 0.000000000000000 0.000000000000000 0
625 0.000000000000000 0.000000000000000 0.000000000000000 0
626 0.000000000000000 0.000000000000000 0.000000000000000 0
627 0.000000000000000 0.000000000000000 0.000000000000000 0
628 0.000000000000000 0.000000000000000 0.000000000000000 0
629 0.000000000000000 0.000000000000000 0.000000000000000 0
630 0.000000000000000 0.000000000000000 0.000000000000000 0
631 0.000000000000000 0.000000000000000 0.000000000000000 0
632 0.000000000000000 0.000000000000000 0.000000000000000 0
633 0.000000000000000 0.000000000000000 0.000000000000000 0
634 0.000000000000000 0.000000000000000 0.000000000000000 0
635 0.000000000000000 0.000000000000000 0.000000000000000 0
636 0.000000000000000 0.000000000000000 0.000000000000000 0
637 0.000000000000000 0.000000000000000 0.000000000000000 0
638 0.000000000000000 0.000000000000000 0.000000000000000 0
639 0.000000000000000 0.000000000000000 0.000000000000000 0
640 0.000000000000000 0.000000000000000 0.000000000000000 0
641 0.000000000000000 0.000000000000000 0.000000000000000 0
642 0.000000000000000 0.000000000000000 0.000000000000000 0
643 0.000000000000000 0.000000000000000 0.000000000000000 0
644 0.000000000000000 0.000000000000000 0.000000000000000 0
645 0.000000000000000 0.000000000000000 0.000000000000000 0
646 0.000000000000000 0.000000000000000 0.000000000000000 0
647 0.000000000000000 0.000000000000000 0.000000000000000 0
648 0.000000000000000 0.000000000000000 0.000000000000000 0
649 0.000000000000000 0.000000000000000 0.000000000000000 0
650 0.000000000000000 0.000000000000000 0.000000000000000 0
651 0.000000000000000 0.000000000000000 0.000000000000000 0
652 0.000000000000000 0.000000000000000 0.000000000000000 0
653 0.000000000000000 0.000000000000000 0.000000000000000 0
654 0.000000000000000 0.000000000000000 0.000000000000000 0
655 0.000000000000000 0.000000000000000 0.000000000000000 0
656 0.000000000000000 0.000000000000000 0.000000000000000 0
657 0.000000000000000 0.000000000000000 0.000000000000000 0
658 0.000000000000000 0.000000000000000 0.000000000000000 0
659 0.000000000000000 0.000000000000000 0.000000000000000 0
660 0.000000000000000 0.000000000000000 0.000000000000000 0
661 0.000000000000000 0.000000000000000 0.000000000000000 0
662 0.000000000000000 0.000000000000000 0.000000000000000 0
663 0.000000000000000 0.000000000000000 0.000000000000000 0
664 0.000000000000000 0.000000000000000 0.000000000000000 0
665 0.000000000000000 0.000000000000000 0.000000000000000 0
666 0.000000000000000 0.000000000000000 0.000000000000000 0
667 0.000000000000000 0.000000000000000 0.000000000000000 0
668 0.000000000000000 0.000000000000000 0.000000000000000 0
669 0.000000000000000 0.000000000000000 0.000000000000000 0
670 0.000000000000000 0.000000000000000 0.000000000000000 0
671 0.000000000000000 0.000000000000000 0.000000000000000 0
672 0.000000000000000 0.000000000000000 0.000000000000000 0
673 0.000000000000000 0.000000000000000 0.000000000000000 0
674 0.000000000000000 0.000000000000000 0.000000000000000 0
675 0.000000000000000 0.000000000000000 0.000000000000000 0
676 0.000000000000000 0.000000000000000 0.000000000000000 0
677 0.000000000000000 0.000000000000000 0.000000000000000 0
678 0.000000000000000 0.000000000000000 0.000000000000000 0
679 0.000000000000000 0.000000000000000 0.000000000000000 0
680 0.000000000000000 0.000000000000000 0.000000000000000 0
681 0.000000000000000 0.000000000000000 0.000000000000000 0
682 0.000000000000000 0.000000000000000 0.000000000000000 0
683 0.000000000000000 0.000000000000000 0.000000000000000 0
684 0.000000000000000 0.000000000000000 0.000000000000000 0
685 0.000000000000000 0.000000000000000 0.000000000000000 0
686 0.000000000000000 0.000000000000000 0.000000000000000 0
687 0.000000000000000 0.000000000000000 0.000000000000000 0
688 0.000000000000000 0.000000000000000 0.000000000000000 0
689 0.000000000000000 0.000000000000000 0.000000000000000 0
690 0.000000000000000 0.000000000000000 0.000000000000000 0
691 0.000000000000000 0.000000000000000 0.000000000000000 0
692 0.000000000000000 0.000000000000000 0.000000000000000 0
693 0.000000000000000 0.000000000000000 0.000000000000000 0
694 0.000000000000000 0.000000000000000 0.000000000000000 0
695 0.000000000000000 0.000000000000000 0.000000000000000 0
696 0.000000000000000 0.000000000000000 0.000000000000000 0
697 0.000000000000000 0.000000000000000 0.000000000000000 0
698 0.000000000000000 0.000000000000000 0.000000000000000 0
699 0.000000000000000 0.000000000000000 0.000000000000000 0
700 0.000000000000000 0.000000000000000 0.000000000000000 0
701 0.000000000000000 0.000000000000000 0.000000000000000 0
702 0.000000000000000 0.000000000000000 0.000000000000000 0
703 0.000000000000000 0.000000000000000 0.000000000000000 0
704 0.000000000000000 0.000000000000000 0.000000000000000 0
705 0.000000000000000 0.000000000000000 0.000000000000000 0
706 0.000000000000000 0.000000000000000 0.000000000000000 0
707 0.000000000000000 0.000000000000000 0.000000000000000 0
708 0.000000000000000 0.000000000000000 0.000000000000000 0
709 0.000000000000000 0.000000000000000 0.000000000000000 0
710 0.000000000000000 0.000000000000000 0.000000000000000 0
711 0.000000000000000 0.000000000000000 0.000000000000000 0
712 0.000000000000000 0.000000000000000 0.000000000000000 0
713 0.000000000000000 0.000000000000000 0.000000000000000 0
714 0.000000000000000 0.000000000000000 0.000000000000000 0
715 0.000000000000000 0.000000000000000 0.000000000000000 0
716 0.000000000000000 0.000000000000000 0.000000000000000 0
717 0.000000000000000 0.000000000000000 0.000000000000000 0
718 0.000000000000000 0.000000000000000 0.000000000000000 0
719 0.000000000000000 0.000000000000000 0.000000000000000 0
720 0.000000000000000 0.000000000000000 0.000000000000000 0
721 0.000000000000000 0.000000000000000 0.000000000000000 0
722 0.000000000000000 0.000000000000000 0.000000000000000 0
723 0.000000000000000 0.000000000000000 0.000000000000000 0
724 0.000000000000000 0.000000000000000 0.000000000000000 0
725 0.000000000000000 0.000000000000000 0.000000000000000 0
726 0.000000000000000 0.000000000000000 0.000000000000000 0
727 0.000000000000000 0.000000000000000 0.000000000000000 0
728 0.000000000000000 0.000000000000000 0.000000000000000 0
729 0.000000000000000 0.000000000000000 0.000000000000000 0
730 0.000000000000000 0.000000000000000 0.000000000000000 0
731 0.000000000000000 0.000000000000000 0.000000000000000 0
732 0.000000000000000 0.000000000000000 0.000000000000000 0
733 0.000000000000000 0.000000000000000 0.000000000000000 0
734 0.000000000000000 0.000000000000000 0.000000000000000 0
735 0.000000000000000 0.000000000000000 0.000000000000000 0
736 0.000000000000000 0.000000000000000 0.000000000000000 0
737 0.000000000000000 0.000000000000000 0.000000000000000 0
738 0.000000000000000 0.000000000000000 0.000000000000000 0
739 0.000000000000000 0.000000000000000 0.000000000000000 0
740 0.000000000000000 0.000000000000000 0.000000000000000 0
741 0.000000000000000 0.000000000000000 0.000000000000000 0
742 0.000000000000000 0.000000000000000 0.000000000000000 0
743 0.000000000000000 0.000000000000000 0.000000000000000 0
744 0.000000000000000 0.000000000000000 0.000000000000000 0
745 0.000000000000000 0.000000000000000 0.000000000000000 0
746 0.000000000000000 0.000000000000000 0.000000000000000 0
747 0.000000000000000 0.000000000000000 0.000000000000000 0
748 0.000000000000000 0.000000000000000 0.000000000000000 0
749 0.000000000000000 0.000000000000000 0.000000000000000 0
750 0.000000000000000 0.000000000000000 0.000000000000000 0
751 0.000000000000000 0.000000000000000 0.000000000000000 0
752 0.000000000000000 0.000000000000000 0.000000000000000 0
753 0.000000000000000 0.000000000000000 0.000000000000000 0
754 0.000000000000000 0.000000000000000 0.000000000000000 0
755 0.000000000000000 0.000000000000000 0.000000000000000 0
756 0.000000000000000 0.000000000000000 0.000000000000000 0
757 0.000000000000000 0.000000000000000 0.000000000000000 0
758 0.000000000000000 0.000000000000000 0.000000000000000 0
759 0.000000000000000 0.000000000000000 0.000000000000000 0
760 0.000000000000000 0.000000000000000 0.000000000000000 0
761 0.000000000000000 0.000000000000000 0.000000000000000 0
762 0.000000000000000 0.000000000000000 0.000000000000000 0
763 0.000000000000000 0.000000000000000 0.000000000000000 0
764 0.000000000000000 0.000000000000000 0.000000000000000 0
765 0.000000000000000 0.000000000000000 0.000000000000000 0
766 0.000000000000000 0.000000000000000 0.000000000000000 0
767 0.000000000000000 0.000000000000000 0.000000000000000 0
768 0.000000000000000 0.000000000000000 0.000000000000000 0
769 0.000000000000000 0.000000000000000 0.000000000000000 0
770 0.000000000000000 0.000000000000000 0.000000000000000 0
771 0.000000000000000 0.000000000000000 0.000000000000000 0
772 0.000000000000000 0.000000000000000 0.000000000000000 0
773 0.000000000000000 0.000000000000000 0.000000000000000 0
774 0.000000000000000 0.000000000000000 0.000000000000000 0
775 0.000000000000000 0.000000000000000 0.000000000000000 0
776 0.000000000000000 0.000000000000000 0.000000000000000 0
777 0.000000000000000 0.000000000000000 0.000000000000000 0
778 0.000000000000000 0.000000000000000 0.000000000000000 0
779 0.000000000000000 0.000000000000000 0.000000000000000 0
780 0.000000000000000 0.000000000000000 0.000000000000000 0
781 0.000000000000000 0.000000000000000 0.000000000000000 0
782 0.000000000000000 0.000000000000000 0.000000000000000 0
783 0.000000000000000 0.000000000000000 0.000000000000000 0
784 0.000000000000000 0.000000000000000 0.000000000000000 0
785 0.000000000000000 0.000000000000000 0.000000000000000 0
786 0.000000000000000 0.000000000000000 0.000000000000000 0
787 0.000000000000000 0.000000000000000 0.000000000000000 0
788 0.000000000000000 0.000000000000000 0.000000000000000 0
789 0.000000000000000 0.000000000000000 0.000000000000000 0
790 0.000000000000000 0.000000000000000 0.000000000000000 0
791 0.000000000000000 0.000000000000000 0.000000000000000 0
792 0.000000000000000 0.000000000000000 0.000000000000000 0
793 0.000000000000000 0.000000000000000 0.000000000000000 0
794 0.000000000000000 0.000000000000000 0.000000000000000 0
795 0.000000000000000 0.000000000000000 0.000000000000000 0
796 0.000000000000000 0.000000000000000 0.000000000000000 0
797 0.000000000000000 0.000000000000000 0.000000000000000 0
798 0.000000000000000 0.000000000000000 0.000000000000000 0
799 0.000000000000000 0.000000000000000 0.000000000000000 0
800 0.000000000000000 0.000000000000000 0.000000000000000 0
801 0.000000000000000 0.000000000000000 0.000000000000000 0
802 0.000000000000000 0.000000000000000 0.000000000000000 0
803 0.000000000000000 0.000000000000000 0.000000000000000 0
804 0.000000000000000 0.000000000000000 0.000000000000000 0
805 0.000000000000000 0.000000000000000 0.000000000000000 0
806 0.000000000000000 0.000000000000000 0.000000000000000 0
807 0.000000000000000 0.000000000000000 0.000000000000000 0
808 0.000000000000000 0.000000000000000 0.000000000000000 0
809 0.000000000000000 0.000000000000000 0.000000000000000 0
810 0.000000000000000 0.000000000000000 0.000000000000000 0
811 0.000000000000000 0.000000000000000 0.000000000000000 0
812 0.000000000000000 0.000000000000000 0.000000000000000 0
813 0.000000000000000 0.000000000000000 0.000000000000000 0
814 0.000000000000000 0.000000000000000 0.000000000000000 0
815 0.000000000000000 0.000000000000000 0.000000000000000 0
816 0.000000000000000 0.000000000000000 0.000000000000000 0
817 0.000000000000000 0.000000000000000 0.000000000000000 0
818 0.000000000000000 0.000000000000000 0.000000000000000 0
819 0.000000000000000 0.000000000000000 0.000000000000000 0
820 0.000000000000000 0.000000000000000 0.000000000000000 0
821 0.000000000000000 0.000000000000000 0.000000000000000 0
822 0.000000000000000 0.000000000000000 0.000000000000000 0
823 0.000000000000000 0.000000000000000 0.000000000000000 0
824 0.000000000000000 0.000000000000000 0.000000000000000 0
825 0.000000000000000 0.000000000000000 0.000000000000000 0
826 0.000000000000000 0.000000000000000 0.000000000000000 0
827 0.000000000000000 0.000000000000000 0.000000000000000 0
828 0.000000000000000 0.000000000000000 0.000000000000000 0
829 0.000000000000000 0.000000000000000 0.000000000000000 0
830 0.000000000000000 0.000000000000000 0.000000000000000 0
831 0.000000000000000 0.000000000000000 0.000000000000000 0
832 0.000000000000000 0.000000000000000 0.000000000000000 0
833 0.000000000000000 0.000000000000000 0.000000000000000 0
834 0.000000000000000 0.000000000000000 0.000000000000000 0
835 0.000000000000000 0.000000000000000 0.000000000000000 0
836 0.000000000000000 0.000000000000000 0.000000000000000 0
837 0.000000000000000 0.000000000000000 0.000000000000000 0
838 0.000000000000000 0.000000000000000 0.000000000000000 0
839 0.000000000000000 0.000000000000000 0.000000000000000 0
840 0.000000000000000 0.000000000000000 0.000000000000000 0
841 0.000000000000000 0.000000000000000 0.000000000000000 0
842 0.000000000000000 0.000000000000000 0.000000000000000 0
843 0.000000000000000 0.000000000000000 0.000000000000000 0
844 0.000000000000000 0.000000000000000 0.000000000000000 0
845 0.000000000000000 0.000000000000000 0.000000000000000 0
846 0.000000000000000 0.000000000000000 0.000000000000000 0
847 0.000000000000000 0.000000000000000 0.000000000000000 0
848 0.000000000000000 0.000000000000000 0.000000000000000 0
849 0.000000000000000 0.000000000000000 0.000000000000000 0
850 0.000000000000000 0.000000000000000 0.000000000000000 0
851 0.000000000000000 0.000000000000000 0.000000000000000 0
852 0.000000000000000 0.000000000000000 0.000000000000000 0
853 0.000000000000000 0.000000000000000 0.000000000000000 0
854 0.000000000000000 0.000000000000000 0.000000000000000 0
855 0.000000000000000 0.000000000000000 0.000000000000000 0
856 0.000000000000000 0.000000000000000 0.000000000000000 0
857 0.000000000000000 0.000000000000000 0.000000000000000 0
858 0.000000000000000 0.000000000000000 0.000000000000000 0
859 0.000000000000000 0.000000000000000 0.000000000000000 0
860 0.000000000000000 0.000000000000000 0.000000000000000 0
861 0.000000000000000 0.000000000000000 0.000000000000000 0
862 0.000000000000000 0.000000000000000 0.000000000000000 0
863 0.000000000000000 0.000000000000000 0.000000000000000 0
864 0.000000000000000 0.000000000000000 0.000000000000000 0
865 0.000000000000000 0.000000000000000 0.000000000000000 0
866 0.000000000000000 0.000000000000000 0.000000000000000 0
867 0.000000000000000 0.000000000000000 0.000000000000000 0
868 0.000000000000000 0.000000000000000 0.000000000000000 0
869 0.000000000000000 0.000000000000000 0.000000000000000 0
870 0.000000000000000 0.000000000000000 0.000000000000000 0
871 0.000000000000000 0.000000000000000 0.000000000000000 0
872 0.000000000000000 0.000000000000000 0.000000000000000 0
873 0.000000000000000 0.000000000000000 0.000000000000000 0
874 0.000000000000000 0.000000000000000 0.000000000000000 0
875 0.000000000000000 0.000000000000000 0.000000000000000 0
876 0.000000000000000 0.000000000000000 0.000000000000000 0
877 0.000000000000000 0.000000000000000 0.000000000000000 0
878 0.000000000000000 0.000000000000000 0.000000000000000 0
879 0.000000000000000 0.000000000000000 0.000000000000000 0
880 0.000000000000000 0.000000000000000 0.000000000000000 0
881 0.000000000000000 0.000000000000000 0.000000000000000 0
882 0.000000000000000 0.000000000000000 0.000000000000000 0
883 0.000000000000000 0.000000000000000 0.000000000000000 0
884 0.000000000000000 0.000000000000000 0.000000000000000 0
885 0.000000000000000 0.000000000000000 0.000000000000000 0
886 0.000000000000000 0.000000000000000 0.000000000000000 0
887 0.000000000000000 0.000000000000000 0.000000000000000 0
888 0.000000000000000 0.000000000000000 0.000000000000000 0
889 0.000000000000000 0.000000000000000 0.000000000000000 0
890 0.000000000000000 0.000000000000000 0.000000000000000 0
891 0.000000000000000 0.000000000000000 0.000000000000000 0
892 0.000000000000000 0.000000000000000 0.000000000000000 0
893 0.000000000000000 0.000000000000000 0.000000000000000 0
894 0.000000000000000 0.000000000000000 0.000000000000000 0
895 0.000000000000000 0.000000000000000 0.000000000000000 0
896 0.000000000000000 0.000000000000000 0.000000000000000 0
897 0.000000000000000 0.000000000000000 0.000000000000000 0
898 0.000000000000000 0.000000000000000 0.000000000000000 0
899 0.000000000000000 0.000000000000000 0.000000000000000 0
900 0.000000000000000 0.000000000000000 0.000000000000000 0
901 0.000000000000000 0.000000000000000 0.000000000000000 0
902 0.000000000000000 0.000000000000000 0.000000000000000 0
903 0.000000000000000 0.000000000000000 0.000000000000000 0
904 0.000000000000000 0.000000000000000 0.000000000000000 0
905 0.000000000000000 0.000000000000000 0.000000000000000 0
906 0.000000000000000 0.000000000000000 0.000000000000000 0
907 0.000000000000000 0.000000000000000 0.000000000000000 0
908 0.000000000000000 0.000000000000000 0.000000000000000 0
909 0.000000000000000 0.000000000000000 0.000000000000000 0
910 0.000000000000000 0.000000000000000 0.000000000000000 0
911 0.000000000000000 0.000000000000000 0.000000000000000 0
912 0.000000000000000 0.000000000000000 0.000000000000000 0
913 0.000000000000000 0.000000000000000 0.000000000000000 0
914 0.000000000000000 0.000000000000000 0.000000000000000 0
915 0.000000000000000 0.000000000000000 0.000000000000000 0
916 0.000000000000000 0.000000000000000 0.000000000000000 0
917 0.000000000000000 0.000000000000000 0.000000000000000 0
918 0.000000000000000 0.000000000000000 0.000000000000000 0
919 0.000000000000000 0.000000000000000 0.000000000000000 0
920 0.000000000000000 0.000000000000000 0.000000000000000 0
921 0.000000000000000 0.000000000000000 0.000000000000000 0
922 0.000000000000000 0.000000000000000 0.000000000000000 0
923 0.000000000000000 0.000000000000000 0.000000000000000 0
924 0.000000000000000 0.000000000000000 0.000000000000000 0
925 0.000000000000000 0.000000000000000 0.000000000000000 0
926 0.000000000000000 0.000000000000000 0.000000000000000 0
927 0.000000000000000 0.000000000000000 0.000000000000000 0
928 0.000000000000000 0.000000000000000 0.000000000000000 0
929 0.000000000000000 0.000000000000000 0.000000000000000 0
930 0.000000000000000 0.000000000000000 0.000000000000000 0
931 0.000000000000000 0.000000000000000 0.000000000000000 0
932 0.000000000000000 0.000000000000000 0.000000000000000 0
933 0.000000000000000 0.000000000000000 0.000000000000000 0
934 0.000000000000000 0.000000000000000 0.000000000000000 0
935 0.000000000000000 0.000000000000000 0.000000000000000 0
936 0.000000000000000 0.000000000000000 0.000000000000000 0
937 0.000000000000000 0.000000000000000 0.000000000000000 0
938 0.000000000000000 0.000000000000000 0.000000000000000 0
939 0.000000000000000 0.000000000000000 0.000000000000000 0
940 0.000000000000000 0.000000000000000 0.000000000000000 0
941 0.000000000000000 0.000000000000000 0.000000000000000 0
942 0.000000000000000 0.000000000000000 0.000000000000000 0
943 0.000000000000000 0.000000000000000 0.000000000000000 0
944 0.000000000000000 0.000000000000000 0.000000000000000 0
945 0.000000000000000 0.000000000000000 0.000000000000000 0
946 0.000000000000000 0.000000000000000 0.000000000000000 0
947 0.000000000000000 0.000000000000000 0.000000000000000 0
948 0.000000000000000 0.000000000000000 0.000000000000000 0
949 0.000000000000000 0.000000000000000 0.000000000000000 0
950 0.000000000000000 0.000000000000000 0.000000000000000 0
951 0.000000000000000 0.000000000000000 0.000000000000000 0
952 0.000000000000000 0.000000000000000 0.000000000000000 0
953 0.000000000000000 0.000000000000000 0.000000000000000 0
954 0.000000000000000 0.000000000000000 0.000000000000000 0
955 0.000000000000000 0.000000000000000 0.000000000000000 0
956 0.000000000000000 0.000000000000000 0.000000000000000 0
957 0.000000000000000 0.000000000000000 0.000000000000000 0
958 0.000000000000000 0.000000000000000 0.000000000000000 0
959 0.000000000000000 0.000000000000000 0.000000000000000 0
960 0.000000000000000 0.000000000000000 0.000000000000000 0
961 0.000000000000000 0.000000000000000 0.000000000000000 0
962 0.000000000000000 0.000000000000000 0.000000000000000 0
963 0.000000000000000 0.000000000000000 0.000000000000000 0
964 0.000000000000000 0.000000000000000 0.000000000000000 0
965 0.000000000000000 0.000000000000000 0.000000000000000 0
966 0.000000000000000 0.000000000000000 0.000000000000000 0
967 0.000000000000000 0.000000000000000 0.000000000000000 0
968 0.000000000000000 0.000000000000000 0.000000000000000 0
969 0.000000000000000 0.000000000000000 0.000000000000000 0
970 0.000000000000000 0.000000000000000 0.000000000000000 0
971 0.000000000000000 0.000000000000000 0.000000000000000 0
972 0.000000000000000 0.000000000000000 0.000000000000000 0
973 0.000000000000000 0.000000000000000 0.000000000000000 0
974 0.000000000000000 0.000000000000000 0.000000000000000 0
975 0.000000000000000 0.000000000000000 0.000000000000000 0
976 0.000000000000000 0.000000000000000 0.000000000000000 0
977 0.000000000000000 0.000000000000000 0.000000000000000 0
978 0.000000000000000 0.000000000000000 0.000000000000000 0
979 0.000000000000000 0.000000000000000 0.000000000000000 0
980 0.000000000000000 0.000000000000000 0.000000000000000 0
981 0.000000000000000 0.000000000000000 0.000000000000000 0
982 0.000000000000000 0.000000000000000 0.000000000000000 0
983 0.000000000000000 0.000000000000000 0.000000000000000 0
984 0.000000000000000 0.000000000000000 0.000000000000000 0
985 0.000000000000000 0.000000000000000 0.000000000000000 0
986 0.000000000000000 0.000000000000000 0.000000000000000 0
987 0.000000000000000 0.000000000000000 0.000000000000000 0
988 0.000000000000000 0.000000000000000 0.000000000000000 0
989 0.000000000000000 0.000000000000000 0.000000000000000 0
990 0.000000000000000 0.000000000000000 0.000000000000000 0
991 0.000000000000000 0.000000000000000 0.000000000000000 0
992 0.000000000000000 0.000000000000000 0.000000000000000 0
993 0.000000000000000 0.000000000000000 0.000000000000000 0
994 0.000000000000000 0.000000000000000 0.000000000000000 0
995 0.000000000000000 0.000000000000000 0.000000000000000 0
996 0.000000000000000 0.000000000000000 0.000000000000000 0
997 0.000000000000000 0.000000000000000 0.000000000000000 0
998 0.000000000000000 0.000000000000000 0.000000000000000 0
999 0.000000000000000 0.000000000000000 0.000000000000000 0
1000 0.000000000000000 0.000000000000000 0.000000000000000 0
1001 0.000000000000000 0.000000000000000 0.000000000000000 0
1002 0.000000000000000 0.000000000000000 0.000000000000000 0
1003 0.000000000000000 0.000000000000000 0.000000000000000 0
1004 0.000000000000000 0.000000000000000 0.000000000000000 0
1005 0.000000000000000 0.000000000000000 0.000000000000000 0
1006 0.000000000000000 0.000000000000000 0.000000000000000 0
1007 0.000000000000000 0.000000000000000 0.000000000000000 0
1008 0.000000000000000 0.000000000000000 0.000000000000000 0
1009 0.000000000000000 0.000000000000000 0.000000000000000 0
1010 0.000000000000000 0.000000000000000 0.000000000000000 0
1011 0.000000000000000 0.000000000000000 0.000000000000000 0
1012 0.000000000000000 0.000000000000000 0.000000000000000 0
1013 0.000000000000000 0.000000000000000 0.000000000000000 0
1014 0.000000000000000 0.000000000000000 0.000000000000000 0
1015 0.000000000000000 0.000000000000000 0.000000000000000 0
1016 0.000000000000000 0.000000000000000 0.000000000000000 0
1017 0.000000000000000 0.000000000000000 0.000000000000000 0
1018 0.000000000000000 0.000000000000000 0.000000000000000 0
1019 0.000000000000000 0.000000000000000 0.000000000000000 0
1020 0.000000000000000 0.000000000000000 0.000000000000000 0
1021 0.000000000000000 0.000000000000000 0.000000000000000 0
1022 0.000000000000000 0.000000000000000 0.000000000000000 0
1023 0.000000000000000 0.000000000000000 0.000000000000000 0
