0 0.000000000000000 0.000000000000000 0.000000000000000 0
1 0.003281250000000 3.251254480286738 0.000000000000000 93
2 0.014003906250000 3.396830635781691 0.003183023872679 87
3 0.031816406250000 4.469366622551165 0.093157491479552 88
4 0.057441406250000 5.607018551125305 0.113226537561525 91
5 0.012441406250000 5.829154092149802 0.097507937544648 60
6 0.050019531250000 6.799927635294621 0.125625161612007 84
7 0.082363281250000 7.481740243665832 0.116548741507312 87
8 0.149238281250000 8.631102991511032 0.114331752492824 92
9 0.075488281250000 9.021399865428222 0.105583166543489 85
10 0.147675781250000 9.902772202975248 0.090573451692813 94
11 0.143496093750000 10.732692328052778 0.095076124075735 95
12 0.100937500000000 11.290162073651869 0.092552955635790 98
13 0.062304687500000 11.919670252249631 0.105517352999728 97
14 0.028828125000000 12.512842786219949 0.108007237674683 80
15 0.023984375000000 13.329950384078483 0.112331667452981 72
16 0.009589843750000 14.328572580336438 0.111983895861892 50
17 0.003125000000000 15.237658816886437 0.141083571373213 25
18 0.001484375000000 15.449400252525253 0.143484683435664 24
19 0.000859375000000 16.409881847475834 0.223317221625492 14
20 0.000058593750000 17.666666666666668 0.377192982456140 3
21 0.001015625000000 18.271111111111111 0.256123456790123 2
22 0.000019531250000 21.000000000000000 0.173160173160173 1
23 0.000019531250000 21.000000000000000 0.407114624505929 1
24 0.000507812500000 22.014166666666661 0.510507246376812 2
25 0.000000000000000 0.000000000000000 0.000000000000000 0
26 0.000000000000000 0.000000000000000 0.000000000000000 0
27 0.000000000000000 0.000000000000000 0.000000000000000 0
28 0.000000000000000 0.000000000000000 0.000000000000000 0
29 0.000000000000000 0.000000000000000 0.000000000000000 0
30 0.000000000000000 0.000000000000000 0.000000000000000 0
31 0.000000000000000 0.000000000000000 0.000000000000000 0
32 0.000000000000000 0.000000000000000 0.000000000000000 0
33 0.000000000000000 0.000000000000000 0.000000000000000 0
34 0.000000000000000 0.000000000000000 0.000000000000000 0
35 0.000000000000000 0.000000000000000 0.000000000000000 0
36 0.000000000000000 0.000000000000000 0.000000000000000 0
37 0.000000000000000 0.000000000000000 0.000000000000000 0
38 0.000000000000000 0.000000000000000 0.000000000000000 0
39 0.000000000000000 0.000000000000000 0.000000000000000 0
40 0.000000000000000 0.000000000000000 0.000000000000000 0
41 0.000000000000000 0.000000000000000 0.000000000000000 0
42 0.000000000000000 0.000000000000000 0.000000000000000 0
43 0.000000000000000 0.000000000000000 0.000000000000000 0
44 0.000000000000000 0.000000000000000 0.000000000000000 0
45 0.000000000000000 0.000000000000000 0.000000000000000 0
46 0.000000000000000 0.000000000000000 0.000000000000000 0
47 0.000000000000000 0.000000000000000 0.000000000000000 0
48 0.000000000000000 0.000000000000000 0.000000000000000 0
49 0.000000000000000 0.000000000000000 0.000000000000000 0
50 0.000000000000000 0.000000000000000 0.000000000000000 0
51 0.000000000000000 0.000000000000000 0.000000000000000 0
52 0.000000000000000 0.000000000000000 0.000000000000000 0
53 0.000000000000000 0.000000000000000 0.000000000000000 0
54 0.000000000000000 0.000000000000000 0.000000000000000 0
55 0.000000000000000 0.000000000000000 0.000000000000000 0
56 0.000000000000000 0.000000000000000 0.000000000000000 0
57 0.000000000000000 0.000000000000000 0.000000000000000 0
58 0.000000000000000 0.000000000000000 0.000000000000000 0
59 0.000000000000000 0.000000000000000 0.000000000000000 0
60 0.000000000000000 0.000000000000000 0.000000000000000 0
61 0.000000000000000 0.000000000000000 0.000000000000000 0
62 0.000000000000000 0.000000000000000 0.000000000000000 0
63 0.000000000000000 0.000000000000000 0.000000000000000 0
64 0.000000000000000 0.000000000000000 0.000000000000000 0
65 0.000000000000000 0.000000000000000 0.000000000000000 0
66 0.000000000000000 0.000000000000000 0.000000000000000 0
67 0.000000000000000 0.000000000000000 0.000000000000000 0
68 0.000000000000000 0.000000000000000 0.000000000000000 0
69 0.000000000000000 0.000000000000000 0.000000000000000 0
70 0.000000000000000 0.000000000000000 0.000000000000000 0
71 0.000000000000000 0.000000000000000 0.000000000000000 0
72 0.000000000000000 0.000000000000000 0.000000000000000 0
73 0.000000000000000 0.000000000000000 0.000000000000000 0
74 0.000000000000000 0.000000000000000 0.000000000000000 0
75 0.000000000000000 0.000000000000000 0.000000000000000 0
76 0.000000000000000 0.000000000000000 0.000000000000000 0
77 0.000000000000000 0.000000000000000 0.000000000000000 0
78 0.000000000000000 0.000000000000000 0.000000000000000 0
79 0.000000000000000 0.000000000000000 0.000000000000000 0
80 0.000000000000000 0.000000000000000 0.000000000000000 0
81 0.000000000000000 0.000000000000000 0.000000000000000 0
82 0.000000000000000 0.000000000000000 0.000000000000000 0
83 0.000000000000000 0.000000000000000 0.000000000000000 0
84 0.000000000000000 0.000000000000000 0.000000000000000 0
85 0.000000000000000 0.000000000000000 0.000000000000000 0
86 0.000000000000000 0.000000000000000 0.000000000000000 0
87 0.000000000000000 0.000000000000000 0.000000000000000 0
88 0.000000000000000 0.000000000000000 0.000000000000000 0
89 0.000000000000000 0.000000000000000 0.000000000000000 0
90 0.000000000000000 0.000000000000000 0.000000000000000 0
91 0.000000000000000 0.000000000000000 0.000000000000000 0
92 0.000000000000000 0.000000000000000 0.000000000000000 0
93 0.000000000000000 0.000000000000000 0.000000000000000 0
94 0.000000000000000 0.000000000000000 0.000000000000000 0
95 0.000000000000000 0.000000000000000 0.000000000000000 0
96 0.000000000000000 0.000000000000000 0.000000000000000 0
97 0.000000000000000 0.000000000000000 0.000000000000000 0
98 0.000000000000000 0.000000000000000 0.000000000000000 0
99 0.000000000000000 0.000000000000000 0.000000000000000 0
100 0.000000000000000 0.000000000000000 0.000000000000000 0
101 0.000000000000000 0.000000000000000 0.000000000000000 0
102 0.000000000000000 0.000000000000000 0.000000000000000 0
103 0.000000000000000 0.000000000000000 0.000000000000000 0
104 0.000000000000000 0.000000000000000 0.000000000000000 0
105 0.000000000000000 0.000000000000000 0.000000000000000 0
106 0.000000000000000 0.000000000000000 0.000000000000000 0
107 0.000000000000000 0.000000000000000 0.000000000000000 0
108 0.000000000000000 0.000000000000000 0.000000000000000 0
109 0.000000000000000 0.000000000000000 0.000000000000000 0
110 0.000000000000000 0.000000000000000 0.000000000000000 0
111 0.000000000000000 0.000000000000000 0.000000000000000 0
112 0.000000000000000 0.000000000000000 0.000000000000000 0
113 0.000000000000000 0.000000000000000 0.000000000000000 0
114 0.000000000000000 0.000000000000000 0.000000000000000 0
115 0.000000000000000 0.000000000000000 0.000000000000000 0
116 0.000000000000000 0.000000000000000 0.000000000000000 0
117 0.000000000000000 0.000000000000000 0.000000000000000 0
118 0.000000000000000 0.000000000000000 0.000000000000000 0
119 0.000000000000000 0.000000000000000 0.000000000000000 0
120 0.000000000000000 0.000000000000000 0.000000000000000 0
121 0.000000000000000 0.000000000000000 0.000000000000000 0
122 0.000000000000000 0.000000000000000 0.000000000000000 0
123 0.000000000000000 0.000000000000000 0.000000000000000 0
124 0.000000000000000 0.000000000000000 0.000000000000000 0
125 0.000000000000000 0.000000000000000 0.000000000000000 0
126 0.000000000000000 0.000000000000000 0.000000000000000 0
127 0.000000000000000 0.000000000000000 0.000000000000000 0
128 0.000000000000000 0.000000000000000 0.000000000000000 0
129 0.000000000000000 0.000000000000000 0.000000000000000 0
130 0.000000000000000 0.000000000000000 0.000000000000000 0
131 0.000000000000000 0.000000000000000 0.000000000000000 0
132 0.000000000000000 0.000000000000000 0.000000000000000 0
133 0.000000000000000 0.000000000000000 0.000000000000000 0
134 0.000000000000000 0.000000000000000 0.000000000000000 0
135 0.000000000000000 0.000000000000000 0.000000000000000 0
136 0.000000000000000 0.000000000000000 0.000000000000000 0
137 0.000000000000000 0.000000000000000 0.000000000000000 0
138 0.000000000000000 0.000000000000000 0.000000000000000 0
139 0.000000000000000 0.000000000000000 0.000000000000000 0
140 0.000000000000000 0.000000000000000 0.000000000000000 0
141 0.000000000000000 0.000000000000000 0.000000000000000 0
142 0.000000000000000 0.000000000000000 0.000000000000000 0
143 0.000000000000000 0.000000000000000 0.000000000000000 0
144 0.000000000000000 0.000000000000000 0.000000000000000 0
145 0.000000000000000 0.000000000000000 0.000000000000000 0
146 0.000000000000000 0.000000000000000 0.000000000000000 0
147 0.000000000000000 0.000000000000000 0.000000000000000 0
148 0.000000000000000 0.000000000000000 0.000000000000000 0
149 0.000000000000000 0.000000000000000 0.000000000000000 0
150 0.000000000000000 0.000000000000000 0.000000000000000 0
151 0.000000000000000 0.000000000000000 0.000000000000000 0
152 0.000000000000000 0.000000000000000 0.000000000000000 0
153 0.000000000000000 0.000000000000000 0.000000000000000 0
154 0.000000000000000 0.000000000000000 0.000000000000000 0
155 0.000000000000000 0.000000000000000 0.000000000000000 0
156 0.000000000000000 0.000000000000000 0.000000000000000 0
157 0.000000000000000 0.000000000000000 0.000000000000000 0
158 0.000000000000000 0.000000000000000 0.000000000000000 0
159 0.000000000000000 0.000000000000000 0.000000000000000 0
160 0.000000000000000 0.000000000000000 0.000000000000000 0
161 0.000000000000000 0.000000000000000 0.000000000000000 0
162 0.000000000000000 0.000000000000000 0.000000000000000 0
163 0.000000000000000 0.000000000000000 0.000000000000000 0
164 0.000000000000000 0.000000000000000 0.000000000000000 0
165 0.000000000000000 0.000000000000000 0.000000000000000 0
166 0.000000000000000 0.000000000000000 0.000000000000000 0
167 0.000000000000000 0.000000000000000 0.000000000000000 0
168 0.000000000000000 0.000000000000000 0.000000000000000 0
169 0.000000000000000 0.000000000000000 0.000000000000000 0
170 0.000000000000000 0.000000000000000 0.000000000000000 0
171 0.000000000000000 0.000000000000000 0.000000000000000 0
172 0.000000000000000 0.000000000000000 0.000000000000000 0
173 0.000000000000000 0.000000000000000 0.000000000000000 0
174 0.000000000000000 0.000000000000000 0.000000000000000 0
175 0.000000000000000 0.000000000000000 0.000000000000000 0
176 0.000000000000000 0.000000000000000 0.000000000000000 0
177 0.000000000000000 0.000000000000000 0.000000000000000 0
178 0.000000000000000 0.000000000000000 0.000000000000000 0
179 0.000000000000000 0.000000000000000 0.000000000000000 0
180 0.000000000000000 0.000000000000000 0.000000000000000 0
181 0.000000000000000 0.000000000000000 0.000000000000000 0
182 0.000000000000000 0.000000000000000 0.000000000000000 0
183 0.000000000000000 0.000000000000000 0.000000000000000 0
184 0.000000000000000 0.000000000000000 0.000000000000000 0
185 0.000000000000000 0.000000000000000 0.000000000000000 0
186 0.000000000000000 0.000000000000000 0.000000000000000 0
187 0.000000000000000 0.000000000000000 0.000000000000000 0
188 0.000000000000000 0.000000000000000 0.000000000000000 0
189 0.000000000000000 0.000000000000000 0.000000000000000 0
190 0.000000000000000 0.000000000000000 0.000000000000000 0
191 0.000000000000000 0.000000000000000 0.000000000000000 0
192 0.000000000000000 0.000000000000000 0.000000000000000 0
193 0.000000000000000 0.000000000000000 0.000000000000000 0
194 0.000000000000000 0.000000000000000 0.000000000000000 0
195 0.000000000000000 0.000000000000000 0.000000000000000 0
196 0.000000000000000 0.000000000000000 0.000000000000000 0
197 0.000000000000000 0.000000000000000 0.000000000000000 0
198 0.000000000000000 0.000000000000000 0.000000000000000 0
199 0.000000000000000 0.000000000000000 0.000000000000000 0
200 0.000000000000000 0.000000000000000 0.000000000000000 0
201 0.000000000000000 0.000000000000000 0.000000000000000 0
202 0.000000000000000 0.000000000000000 0.000000000000000 0
203 0.000000000000000 0.000000000000000 0.000000000000000 0
204 0.000000000000000 0.000000000000000 0.000000000000000 0
205 0.000000000000000 0.000000000000000 0.000000000000000 0
206 0.000000000000000 0.000000000000000 0.000000000000000 0
207 0.000000000000000 0.000000000000000 0.000000000000000 0
208 0.000000000000000 0.000000000000000 0.000000000000000 0
209 0.000000000000000 0.000000000000000 0.000000000000000 0
210 0.000000000000000 0.000000000000000 0.000000000000000 0
211 0.000000000000000 0.000000000000000 0.000000000000000 0
212 0.000000000000000 0.000000000000000 0.000000000000000 0
213 0.000000000000000 0.000000000000000 0.000000000000000 0
214 0.000000000000000 0.000000000000000 0.000000000000000 0
215 0.000000000000000 0.000000000000000 0.000000000000000 0
216 0.000000000000000 0.000000000000000 0.000000000000000 0
217 0.000000000000000 0.000000000000000 0.000000000000000 0
218 0.000000000000000 0.000000000000000 0.000000000000000 0
219 0.000000000000000 0.000000000000000 0.000000000000000 0
220 0.000000000000000 0.000000000000000 0.000000000000000 0
221 0.000000000000000 0.000000000000000 0.000000000000000 0
222 0.000000000000000 0.000000000000000 0.000000000000000 0
223 0.000000000000000 0.000000000000000 0.000000000000000 0
224 0.000000000000000 0.000000000000000 0.000000000000000 0
225 0.000000000000000 0.000000000000000 0.000000000000000 0
226 0.000000000000000 0.000000000000000 0.000000000000000 0
227 0.000000000000000 0.000000000000000 0.000000000000000 0
228 0.000000000000000 0.000000000000000 0.000000000000000 0
229 0.000000000000000 0.000000000000000 0.000000000000000 0
230 0.000000000000000 0.000000000000000 0.000000000000000 0
231 0.000000000000000 0.000000000000000 0.000000000000000 0
232 0.000000000000000 0.000000000000000 0.000000000000000 0
233 0.000000000000000 0.000000000000000 0.000000000000000 0
234 0.000000000000000 0.000000000000000 0.000000000000000 0
235 0.000000000000000 0.000000000000000 0.000000000000000 0
236 0.000000000000000 0.000000000000000 0.000000000000000 0
237 0.000000000000000 0.000000000000000 0.000000000000000 0
238 0.000000000000000 0.000000000000000 0.000000000000000 0
239 0.000000000000000 0.000000000000000 0.000000000000000 0
240 0.000000000000000 0.000000000000000 0.000000000000000 0
241 0.000000000000000 0.000000000000000 0.000000000000000 0
242 0.000000000000000 0.000000000000000 0.000000000000000 0
243 0.000000000000000 0.000000000000000 0.000000000000000 0
244 0.000000000000000 0.000000000000000 0.000000000000000 0
245 0.000000000000000 0.000000000000000 0.000000000000000 0
246 0.000000000000000 0.000000000000000 0.000000000000000 0
247 0.000000000000000 0.000000000000000 0.000000000000000 0
248 0.000000000000000 0.000000000000000 0.000000000000000 0
249 0.000000000000000 0.000000000000000 0.000000000000000 0
250 0.000000000000000 0.000000000000000 0.000000000000000 0
251 0.000000000000000 0.000000000000000 0.000000000000000 0
252 0.000000000000000 0.000000000000000 0.000000000000000 0
253 0.000000000000000 0.000000000000000 0.000000000000000 0
254 0.000000000000000 0.000000000000000 0.000000000000000 0
255 0.000000000000000 0.000000000000000 0.000000000000000 0
256 0.000000000000000 0.000000000000000 0.000000000000000 0
257 0.000000000000000 0.000000000000000 0.000000000000000 0
258 0.000000000000000 0.000000000000000 0.000000000000000 0
259 0.000000000000000 0.000000000000000 0.000000000000000 0
260 0.000000000000000 0.000000000000000 0.000000000000000 0
261 0.000000000000000 0.000000000000000 0.000000000000000 0
262 0.000000000000000 0.000000000000000 0.000000000000000 0
263 0.000000000000000 0.000000000000000 0.000000000000000 0
264 0.000000000000000 0.000000000000000 0.000000000000000 0
265 0.000000000000000 0.000000000000000 0.000000000000000 0
266 0.000000000000000 0.000000000000000 0.000000000000000 0
267 0.000000000000000 0.000000000000000 0.000000000000000 0
268 0.000000000000000 0.000000000000000 0.000000000000000 0
269 0.000000000000000 0.000000000000000 0.000000000000000 0
270 0.000000000000000 0.000000000000000 0.000000000000000 0
271 0.000000000000000 0.000000000000000 0.000000000000000 0
272 0.000000000000000 0.000000000000000 0.000000000000000 0
273 0.000000000000000 0.000000000000000 0.000000000000000 0
274 0.000000000000000 0.000000000000000 0.000000000000000 0
275 0.000000000000000 0.000000000000000 0.000000000000000 0
276 0.000000000000000 0.000000000000000 0.000000000000000 0
277 0.000000000000000 0.000000000000000 0.000000000000000 0
278 0.000000000000000 0.000000000000000 0.000000000000000 0
279 0.000000000000000 0.000000000000000 0.000000000000000 0
280 0.000000000000000 0.000000000000000 0.000000000000000 0
281 0.000000000000000 0.000000000000000 0.000000000000000 0
282 0.000000000000000 0.000000000000000 0.000000000000000 0
283 0.000000000000000 0.000000000000000 0.000000000000000 0
284 0.000000000000000 0.000000000000000 0.000000000000000 0
285 0.000000000000000 0.000000000000000 0.000000000000000 0
286 0.000000000000000 0.000000000000000 0.000000000000000 0
287 0.000000000000000 0.000000000000000 0.000000000000000 0
288 0.000000000000000 0.000000000000000 0.000000000000000 0
289 0.000000000000000 0.000000000000000 0.000000000000000 0
290 0.000000000000000 0.000000000000000 0.000000000000000 0
291 0.000000000000000 0.000000000000000 0.000000000000000 0
292 0.000000000000000 0.000000000000000 0.000000000000000 0
293 0.000000000000000 0.000000000000000 0.000000000000000 0
294 0.000000000000000 0.000000000000000 0.000000000000000 0
295 0.000000000000000 0.000000000000000 0.000000000000000 0
296 0.000000000000000 0.000000000000000 0.000000000000000 0
297 0.000000000000000 0.000000000000000 0.000000000000000 0
298 0.000000000000000 0.000000000000000 0.000000000000000 0
299 0.000000000000000 0.000000000000000 0.000000000000000 0
300 0.000000000000000 0.000000000000000 0.000000000000000 0
301 0.000000000000000 0.000000000000000 0.000000000000000 0
302 0.000000000000000 0.000000000000000 0.000000000000000 0
303 0.000000000000000 0.000000000000000 0.000000000000000 0
304 0.000000000000000 0.000000000000000 0.000000000000000 0
305 0.000000000000000 0.000000000000000 0.000000000000000 0
306 0.000000000000000 0.000000000000000 0.000000000000000 0
307 0.000000000000000 0.000000000000000 0.000000000000000 0
308 0.000000000000000 0.000000000000000 0.000000000000000 0
309 0.000000000000000 0.000000000000000 0.000000000000000 0
310 0.000000000000000 0.000000000000000 0.000000000000000 0
311 0.000000000000000 0.000000000000000 0.000000000000000 0
312 0.000000000000000 0.000000000000000 0.000000000000000 0
313 0.000000000000000 0.000000000000000 0.000000000000000 0
314 0.000000000000000 0.000000000000000 0.000000000000000 0
315 0.000000000000000 0.000000000000000 0.000000000000000 0
316 0.000000000000000 0.000000000000000 0.000000000000000 0
317 0.000000000000000 0.000000000000000 0.000000000000000 0
318 0.000000000000000 0.000000000000000 0.000000000000000 0
319 0.000000000000000 0.000000000000000 0.000000000000000 0
320 0.000000000000000 0.000000000000000 0.000000000000000 0
321 0.000000000000000 0.000000000000000 0.000000000000000 0
322 0.000000000000000 0.000000000000000 0.000000000000000 0
323 0.000000000000000 0.000000000000000 0.000000000000000 0
324 0.000000000000000 0.000000000000000 0.000000000000000 0
325 0.000000000000000 0.000000000000000 0.000000000000000 0
326 0.000000000000000 0.000000000000000 0.000000000000000 0
327 0.000000000000000 0.000000000000000 0.000000000000000 0
328 0.000000000000000 0.000000000000000 0.000000000000000 0
329 0.000000000000000 0.000000000000000 0.000000000000000 0
330 0.000000000000000 0.000000000000000 0.000000000000000 0
331 0.000000000000000 0.000000000000000 0.000000000000000 0
332 0.000000000000000 0.000000000000000 0.000000000000000 0
333 0.000000000000000 0.000000000000000 0.000000000000000 0
334 0.000000000000000 0.000000000000000 0.000000000000000 0
335 0.000000000000000 0.000000000000000 0.000000000000000 0
336 0.000000000000000 0.000000000000000 0.000000000000000 0
337 0.000000000000000 0.000000000000000 0.000000000000000 0
338 0.000000000000000 0.000000000000000 0.000000000000000 0
339 0.000000000000000 0.000000000000000 0.000000000000000 0
340 0.000000000000000 0.000000000000000 0.000000000000000 0
341 0.000000000000000 0.000000000000000 0.000000000000000 0
342 0.000000000000000 0.000000000000000 0.000000000000000 0
343 0.000000000000000 0.000000000000000 0.000000000000000 0
344 0.000000000000000 0.000000000000000 0.000000000000000 0
345 0.000000000000000 0.000000000000000 0.000000000000000 0
346 0.000000000000000 0.000000000000000 0.000000000000000 0
347 0.000000000000000 0.000000000000000 0.000000000000000 0
348 0.000000000000000 0.000000000000000 0.000000000000000 0
349 0.000000000000000 0.000000000000000 0.000000000000000 0
350 0.000000000000000 0.000000000000000 0.000000000000000 0
351 0.000000000000000 0.000000000000000 0.000000000000000 0
352 0.000000000000000 0.000000000000000 0.000000000000000 0
353 0.000000000000000 0.000000000000000 0.000000000000000 0
354 0.000000000000000 0.000000000000000 0.000000000000000 0
355 0.000000000000000 0.000000000000000 0.000000000000000 0
356 0.000000000000000 0.000000000000000 0.000000000000000 0
357 0.000000000000000 0.000000000000000 0.000000000000000 0
358 0.000000000000000 0.000000000000000 0.000000000000000 0
359 0.000000000000000 0.000000000000000 0.000000000000000 0
360 0.000000000000000 0.000000000000000 0.000000000000000 0
361 0.000000000000000 0.000000000000000 0.000000000000000 0
362 0.000000000000000 0.000000000000000 0.000000000000000 0
363 0.000000000000000 0.000000000000000 0.000000000000000 0
364 0.000000000000000 0.000000000000000 0.000000000000000 0
365 0.000000000000000 0.000000000000000 0.000000000000000 0
366 0.000000000000000 0.000000000000000 0.000000000000000 0
367 0.000000000000000 0.000000000000000 0.000000000000000 0
368 0.000000000000000 0.000000000000000 0.000000000000000 0
369 0.000000000000000 0.000000000000000 0.000000000000000 0
370 0.000000000000000 0.000000000000000 0.000000000000000 0
371 0.000000000000000 0.000000000000000 0.000000000000000 0
372 0.000000000000000 0.000000000000000 0.000000000000000 0
373 0.000000000000000 0.000000000000000 0.000000000000000 0
374 0.000000000000000 0.000000000000000 0.000000000000000 0
375 0.000000000000000 0.000000000000000 0.000000000000000 0
376 0.000000000000000 0.000000000000000 0.000000000000000 0
377 0.000000000000000 0.000000000000000 0.000000000000000 0
378 0.000000000000000 0.000000000000000 0.000000000000000 0
379 0.000000000000000 0.000000000000000 0.000000000000000 0
380 0.000000000000000 0.000000000000000 0.000000000000000 0
381 0.000000000000000 0.000000000000000 0.000000000000000 0
382 0.000000000000000 0.000000000000000 0.000000000000000 0
383 0.000000000000000 0.000000000000000 0.000000000000000 0
384 0.000000000000000 0.000000000000000 0.000000000000000 0
385 0.000000000000000 0.000000000000000 0.000000000000000 0
386 0.000000000000000 0.000000000000000 0.000000000000000 0
387 0.000000000000000 0.000000000000000 0.000000000000000 0
388 0.000000000000000 0.000000000000000 0.000000000000000 0
389 0.000000000000000 0.000000000000000 0.000000000000000 0
390 0.000000000000000 0.000000000000000 0.000000000000000 0
391 0.000000000000000 0.000000000000000 0.000000000000000 0
392 0.000000000000000 0.000000000000000 0.000000000000000 0
393 0.000000000000000 0.000000000000000 0.000000000000000 0
394 0.000000000000000 0.000000000000000 0.000000000000000 0
395 0.000000000000000 0.000000000000000 0.000000000000000 0
396 0.000000000000000 0.000000000000000 0.000000000000000 0
397 0.000000000000000 0.000000000000000 0.000000000000000 0
398 0.000000000000000 0.000000000000000 0.000000000000000 0
399 0.000000000000000 0.000000000000000 0.000000000000000 0
400 0.000000000000000 0.000000000000000 0.000000000000000 0
401 0.000000000000000 0.000000000000000 0.000000000000000 0
402 0.000000000000000 0.000000000000000 0.000000000000000 0
403 0.000000000000000 0.000000000000000 0.000000000000000 0
404 0.000000000000000 0.000000000000000 0.000000000000000 0
405 0.000000000000000 0.000000000000000 0.000000000000000 0
406 0.000000000000000 0.000000000000000 0.000000000000000 0
407 0.000000000000000 0.000000000000000 0.000000000000000 0
408 0.000000000000000 0.000000000000000 0.000000000000000 0
409 0.000000000000000 0.000000000000000 0.000000000000000 0
410 0.000000000000000 0.000000000000000 0.000000000000000 0
411 0.000000000000000 0.000000000000000 0.000000000000000 0
412 0.000000000000000 0.000000000000000 0.000000000000000 0
413 0.000000000000000 0.000000000000000 0.000000000000000 0
414 0.000000000000000 0.000000000000000 0.000000000000000 0
415 0.000000000000000 0.000000000000000 0.000000000000000 0
416 0.000000000000000 0.000000000000000 0.000000000000000 0
417 0.000000000000000 0.000000000000000 0.000000000000000 0
418 0.000000000000000 0.000000000000000 0.000000000000000 0
419 0.000000000000000 0.000000000000000 0.000000000000000 0
420 0.000000000000000 0.000000000000000 0.000000000000000 0
421 0.000000000000000 0.000000000000000 0.000000000000000 0
422 0.000000000000000 0.000000000000000 0.000000000000000 0
423 0.000000000000000 0.000000000000000 0.000000000000000 0
424 0.000000000000000 0.000000000000000 0.000000000000000 0
425 0.000000000000000 0.000000000000000 0.000000000000000 0
426 0.000000000000000 0.000000000000000 0.000000000000000 0
427 0.000000000000000 0.000000000000000 0.000000000000000 0
428 0.000000000000000 0.000000000000000 0.000000000000000 0
429 0.000000000000000 0.000000000000000 0.000000000000000 0
430 0.000000000000000 0.000000000000000 0.000000000000000 0
431 0.000000000000000 0.000000000000000 0.000000000000000 0
432 0.000000000000000 0.000000000000000 0.000000000000000 0
433 0.000000000000000 0.000000000000000 0.000000000000000 0
434 0.000000000000000 0.000000000000000 0.000000000000000 0
435 0.000000000000000 0.000000000000000 0.000000000000000 0
436 0.000000000000000 0.000000000000000 0.000000000000000 0
437 0.000000000000000 0.000000000000000 0.000000000000000 0
438 0.000000000000000 0.000000000000000 0.000000000000000 0
439 0.000000000000000 0.000000000000000 0.000000000000000 0
440 0.000000000000000 0.000000000000000 0.000000000000000 0
441 0.000000000000000 0.000000000000000 0.000000000000000 0
442 0.000000000000000 0.000000000000000 0.000000000000000 0
443 0.000000000000000 0.000000000000000 0.000000000000000 0
444 0.000000000000000 0.000000000000000 0.000000000000000 0
445 0.000000000000000 0.000000000000000 0.000000000000000 0
446 0.000000000000000 0.000000000000000 0.000000000000000 0
447 0.000000000000000 0.000000000000000 0.000000000000000 0
448 0.000000000000000 0.000000000000000 0.000000000000000 0
449 0.000000000000000 0.000000000000000 0.000000000000000 0
450 0.000000000000000 0.000000000000000 0.000000000000000 0
451 0.000000000000000 0.000000000000000 0.000000000000000 0
452 0.000000000000000 0.000000000000000 0.000000000000000 0
453 0.000000000000000 0.000000000000000 0.000000000000000 0
454 0.000000000000000 0.000000000000000 0.000000000000000 0
455 0.000000000000000 0.000000000000000 0.000000000000000 0
456 0.000000000000000 0.000000000000000 0.000000000000000 0
457 0.000000000000000 0.000000000000000 0.000000000000000 0
458 0.000000000000000 0.000000000000000 0.000000000000000 0
459 0.000000000000000 0.000000000000000 0.000000000000000 0
460 0.000000000000000 0.000000000000000 0.000000000000000 0
461 0.000000000000000 0.000000000000000 0.000000000000000 0
462 0.000000000000000 0.000000000000000 0.000000000000000 0
463 0.000000000000000 0.000000000000000 0.000000000000000 0
464 0.000000000000000 0.000000000000000 0.000000000000000 0
465 0.000000000000000 0.000000000000000 0.000000000000000 0
466 0.000000000000000 0.000000000000000 0.000000000000000 0
467 0.000000000000000 0.000000000000000 0.000000000000000 0
468 0.000000000000000 0.000000000000000 0.000000000000000 0
469 0.000000000000000 0.000000000000000 0.000000000000000 0
470 0.000000000000000 0.000000000000000 0.000000000000000 0
471 0.000000000000000 0.000000000000000 0.000000000000000 0
472 0.000000000000000 0.000000000000000 0.000000000000000 0
473 0.000000000000000 0.000000000000000 0.000000000000000 0
474 0.000000000000000 0.000000000000000 0.000000000000000 0
475 0.000000000000000 0.000000000000000 0.000000000000000 0
476 0.000000000000000 0.000000000000000 0.000000000000000 0
477 0.000000000000000 0.000000000000000 0.000000000000000 0
478 0.000000000000000 0.000000000000000 0.000000000000000 0
479 0.000000000000000 0.000000000000000 0.000000000000000 0
480 0.000000000000000 0.000000000000000 0.000000000000000 0
481 0.000000000000000 0.000000000000000 0.000000000000000 0
482 0.000000000000000 0.000000000000000 0.000000000000000 0
483 0.000000000000000 0.000000000000000 0.000000000000000 0
484 0.000000000000000 0.000000000000000 0.000000000000000 0
485 0.000000000000000 0.000000000000000 0.000000000000000 0
486 0.000000000000000 0.000000000000000 0.000000000000000 0
487 0.000000000000000 0.000000000000000 0.000000000000000 0
488 0.000000000000000 0.000000000000000 0.000000000000000 0
489 0.000000000000000 0.000000000000000 0.000000000000000 0
490 0.000000000000000 0.000000000000000 0.000000000000000 0
491 0.000000000000000 0.000000000000000 0.000000000000000 0
492 0.000000000000000 0.000000000000000 0.000000000000000 0
493 0.000000000000000 0.000000000000000 0.000000000000000 0
494 0.000000000000000 0.000000000000000 0.000000000000000 0
495 0.000000000000000 0.000000000000000 0.000000000000000 0
496 0.000000000000000 0.000000000000000 0.000000000000000 0
497 0.000000000000000 0.000000000000000 0.000000000000000 0
498 0.000000000000000 0.000000000000000 0.000000000000000 0
499 0.000000000000000 0.000000000000000 0.000000000000000 0
500 0.000000000000000 0.000000000000000 0.000000000000000 0
501 0.000000000000000 0.000000000000000 0.000000000000000 0
502 0.000000000000000 0.000000000000000 0.000000000000000 0
503 0.000000000000000 0.000000000000000 0.000000000000000 0
504 0.000000000000000 0.000000000000000 0.000000000000000 0
505 0.000000000000000 0.000000000000000 0.000000000000000 0
506 0.000000000000000 0.000000000000000 0.000000000000000 0
507 0.000000000000000 0.000000000000000 0.000000000000000 0
508 0.000000000000000 0.000000000000000 0.000000000000000 0
509 0.000000000000000 0.000000000000000 0.000000000000000 0
510 0.000000000000000 0.000000000000000 0.000000000000000 0
511 0.000000000000000 0.000000000000000 0.000000000000000 0
