0 0.000000000000000 0.000000000000000 0.000000000000000 0
1 0.084765625000000 34.787196976247159 0.000000000000000 100
2 0.091347656250000 32.635652031857788 0.610419557565925 100
3 0.079394531250000 33.089615517009875 0.569414780596174 100
4 0.066171875000000 33.623692707331188 0.532995262267103 100
5 0.054082031250000 34.580444136682324 0.494056719256060 100
6 0.045429687500000 35.122796232370334 0.473067790391222 100
7 0.039628906250000 35.609381852822196 0.450797935769694 100
8 0.034609375000000 36.074216405537747 0.448680037822449 100
9 0.031582031250000 36.591428540287822 0.430009836478053 100
10 0.028398437500000 36.398757243922368 0.417090115589987 100
11 0.025507812500000 37.871169800689728 0.413169881816320 100
12 0.023535156250000 37.696077694554198 0.404849364038043 100
13 0.022675781250000 38.208456604051932 0.389338211336946 100
14 0.020546875000000 38.521603119687164 0.374957614718346 100
15 0.017890625000000 39.093261176786186 0.378961702847417 100
16 0.016113281250000 38.897600992043095 0.368343553804583 100
17 0.016367187500000 39.796411013822762 0.378383380100292 100
18 0.014277343750000 39.129833393458398 0.359580934316228 100
19 0.014023437500000 40.108200854958596 0.360806156367044 100
20 0.012363281250000 39.565937193362181 0.347170196324144 100
21 0.011777343750000 39.207977608370449 0.339815712858570 100
22 0.010664062500000 40.178165572831624 0.351521539366093 98
23 0.009980468750000 39.947688236785396 0.334238234160594 98
24 0.009843750000000 39.727655588624337 0.329910139176444 100
25 0.010000000000000 40.768022837992547 0.331182381965210 99
26 0.008398437500000 40.236463879762852 0.324027428470727 97
27 0.008378906250000 40.909272471926805 0.331770915412891 99
28 0.007675781250000 41.953546067549816 0.331301832623888 95
29 0.006601562500000 40.638590699689843 0.318421195705294 96
30 0.006816406250000 40.655324687721595 0.320801663478521 97
31 0.006757812500000 41.180756711286655 0.314802693222706 98
32 0.006308593750000 41.833336568322984 0.325232962735702 92
33 0.006113281250000 41.612647726626221 0.306303910520980 93
34 0.006250000000000 41.031538136087775 0.304078291670204 96
35 0.005312500000000 40.764210128495833 0.297970788315326 90
36 0.005156250000000 41.482291666666676 0.297412008281574 92
37 0.004765625000000 41.508174651924655 0.301889725469271 88
38 0.004882812500000 42.298444976076546 0.304939329281434 88
39 0.005312500000000 42.413440603670487 0.306263829827048 87
40 0.003945312500000 41.632205841638978 0.297468587613936 86
41 0.004394531250000 42.534059559696708 0.303535900246643 89
42 0.004726562500000 43.029581411108516 0.302899452463912 87
43 0.004257812500000 41.881510134756816 0.286513920959029 89
44 0.003613281250000 43.547265336289726 0.300872522731570 82
45 0.003691406250000 42.973947467876030 0.293219095719096 84
46 0.002988281250000 41.863836910658584 0.284825414297071 79
47 0.003496093750000 41.865536086775123 0.281934664707696 85
48 0.003574218750000 42.666328347578364 0.288920523428502 78
49 0.003496093750000 41.798010008601139 0.272795794563036 87
50 0.003417968750000 41.985854700854702 0.281726670155242 78
51 0.003320312500000 43.813022255315616 0.289359311657152 79
52 0.003339843750000 43.792114506498073 0.287164163171415 73
53 0.002675781250000 42.056426609974309 0.272842181292885 71
54 0.002812500000000 42.209470657872480 0.262726036970028 73
55 0.002187500000000 43.946202651515144 0.278456790123457 64
56 0.002519531250000 43.009125586854459 0.271011980976770 71
57 0.002109375000000 44.121080043859671 0.270826317094820 64
58 0.002617187500000 43.434094220495375 0.277385831423305 71
59 0.002128906250000 42.688231203824436 0.266828515338159 65
60 0.002265625000000 43.451123366013078 0.265927218344965 68
61 0.001953125000000 43.356233212929517 0.268938130962304 59
62 0.001582031250000 46.466013071895439 0.282946741185457 51
63 0.002128906250000 43.629580273237003 0.271612049837856 67
64 0.001796875000000 44.380043859649128 0.263418964076859 57
65 0.001718750000000 44.230138461538466 0.264852884615385 50
66 0.001621093750000 46.331870791245798 0.265542119917120 48
67 0.001445312500000 42.964031881409291 0.252026817058800 49
68 0.001777343750000 44.281773618538338 0.261954266102642 55
69 0.001445312500000 45.183441782510101 0.262781054450766 49
70 0.001406250000000 44.213343253968247 0.252836438923395 48
71 0.001386718750000 45.785522659768141 0.264888651637717 49
72 0.001250000000000 43.937520576131689 0.246861270503681 45
73 0.001718750000000 43.511789124117897 0.246375282505419 55
74 0.001601562500000 44.782220496894404 0.252045577015797 46
75 0.001132812500000 45.682486772486762 0.260338910338910 42
76 0.001269531250000 44.790232793522279 0.248679712100765 39
77 0.001132812500000 44.884848484848497 0.252830308093466 45
78 0.001171875000000 44.097530864197537 0.249708316374983 45
79 0.001093750000000 43.437866625501705 0.246423793351857 41
80 0.001035156250000 46.320778508771923 0.253876582278481 38
81 0.001054687500000 42.645839606544207 0.233505219311452 41
82 0.001171875000000 45.654610125646698 0.245882492494959 44
83 0.001230468750000 45.799548192771084 0.253849544519542 40
84 0.000957031250000 45.357590885816698 0.243617326448652 31
85 0.000839843750000 45.066850490196067 0.239440359477124 32
86 0.001035156250000 47.177217915590020 0.247894816841465 36
87 0.000800781250000 47.108876117496813 0.242248062015504 27
88 0.000781250000000 47.979362591431553 0.246452335483251 29
89 0.000820312500000 47.376437934724450 0.248602345688020 28
90 0.000800781250000 45.462196679438051 0.231205246315669 29
91 0.000800781250000 46.365018315018304 0.235837742504409 30
92 0.000644531250000 46.955729166666664 0.236669354196528 24
93 0.000585937500000 44.922861150070119 0.228469215602577 23
94 0.000878906250000 46.996423330887758 0.240494429060921 29
95 0.000742187500000 47.258064516129039 0.243474334429072 31
96 0.000800781250000 46.922676282051285 0.240981359649123 26
97 0.000722656250000 46.601903251387775 0.231631090845008 26
98 0.000644531250000 48.122526283240568 0.245228691289074 22
99 0.000429687500000 49.481200897867559 0.245718713972682 18
100 0.000566406250000 48.553181818181812 0.242819100091827 22
101 0.000468750000000 48.742024202420247 0.236903190319032 18
102 0.000507812500000 48.954403983815737 0.236232446774089 21
103 0.000410156250000 51.489149057681317 0.256346513476893 17
104 0.000292968750000 43.245192307692307 0.210245878095019 13
105 0.000429687500000 46.574686716791973 0.229260651629073 19
106 0.000351562500000 45.831629979035633 0.217130877508236 12
107 0.000273437500000 49.158736901727551 0.226340285236423 11
108 0.000371093750000 46.319681861348514 0.215521296518181 13
109 0.000097656250000 52.023853211009168 0.254196398233095 5
110 0.000234375000000 47.198347107438011 0.225566760178937 11
111 0.000312500000000 53.352352352352355 0.255707222373889 9
112 0.000292968750000 45.495535714285715 0.214171761046761 12
113 0.000390625000000 42.976007866273349 0.195935173479421 15
114 0.000332031250000 45.705128205128212 0.219423644202405 13
115 0.000175781250000 44.864673913043475 0.221948893974066 8
116 0.000097656250000 55.899784482758619 0.262687406296852 4
117 0.000117187500000 54.248717948717946 0.247848511641615 5
118 0.000195312500000 51.654425612052734 0.238889693691954 9
119 0.000156250000000 52.072478991596640 0.240831078193989 8
120 0.000078125000000 57.600000000000001 0.261449579831933 4
121 0.000058593750000 43.506887052341597 0.208815426997245 3
122 0.000097656250000 48.883606557377050 0.227286275572416 5
123 0.000058593750000 52.124661246612469 0.236216624461326 3
124 0.000136718750000 52.506720430107521 0.233521286825772 6
125 0.000058593750000 47.858666666666664 0.219182795698925 3
126 0.000039062500000 55.103174603174601 0.244634920634921 2
127 0.000039062500000 49.181102362204726 0.224534433195850 2
128 0.000019531250000 47.156250000000000 0.173843503937008 1
129 0.000000000000000 0.000000000000000 0.000000000000000 0
130 0.000058593750000 55.825641025641026 0.256171735241503 3
131 0.000058593750000 38.880407124681938 0.149422587590526 3
132 0.000097656250000 50.801515151515154 0.225630349294471 5
133 0.000078125000000 49.187969924812030 0.209804815067973 3
134 0.000000000000000 0.000000000000000 0.000000000000000 0
135 0.000019531250000 54.000000000000000 0.241348811498065 1
136 0.000019531250000 51.213235294117645 0.215468409586057 1
137 0.000000000000000 0.000000000000000 0.000000000000000 0
138 0.000019531250000 58.891304347826086 0.228498889241511 1
139 0.000039062500000 41.769784172661872 0.178292148889584 2
140 0.000019531250000 37.964285714285715 0.171634121274409 1
141 0.000019531250000 36.794326241134755 0.163424518743668 1
142 0.000097656250000 46.509859154929572 0.196803516132254 5
143 0.000019531250000 63.692307692307693 0.283660001969861 1
144 0.000019531250000 63.770833333333336 0.283896658896659 1
145 0.000019531250000 48.220689655172414 0.175574712643678 1
146 0.000019531250000 62.897260273972606 0.274350495984884 1
147 0.000019531250000 63.340136054421770 0.278259248905041 1
148 0.000000000000000 0.000000000000000 0.000000000000000 0
149 0.000000000000000 0.000000000000000 0.000000000000000 0
150 0.000000000000000 0.000000000000000 0.000000000000000 0
151 0.000000000000000 0.000000000000000 0.000000000000000 0
152 0.000000000000000 0.000000000000000 0.000000000000000 0
153 0.000000000000000 0.000000000000000 0.000000000000000 0
154 0.000000000000000 0.000000000000000 0.000000000000000 0
155 0.000000000000000 0.000000000000000 0.000000000000000 0
156 0.000019531250000 43.788461538461540 0.162448304383788 1
157 0.000000000000000 0.000000000000000 0.000000000000000 0
158 0.000000000000000 0.000000000000000 0.000000000000000 0
159 0.000000000000000 0.000000000000000 0.000000000000000 0
160 0.000000000000000 0.000000000000000 0.000000000000000 0
161 0.000000000000000 0.000000000000000 0.000000000000000 0
162 0.000000000000000 0.000000000000000 0.000000000000000 0
163 0.000000000000000 0.000000000000000 0.000000000000000 0
164 0.000000000000000 0.000000000000000 0.000000000000000 0
165 0.000000000000000 0.000000000000000 0.000000000000000 0
166 0.000000000000000 0.000000000000000 0.000000000000000 0
167 0.000000000000000 0.000000000000000 0.000000000000000 0
168 0.000000000000000 0.000000000000000 0.000000000000000 0
169 0.000000000000000 0.000000000000000 0.000000000000000 0
170 0.000000000000000 0.000000000000000 0.000000000000000 0
171 0.000000000000000 0.000000000000000 0.000000000000000 0
172 0.000000000000000 0.000000000000000 0.000000000000000 0
173 0.000000000000000 0.000000000000000 0.000000000000000 0
174 0.000000000000000 0.000000000000000 0.000000000000000 0
175 0.000000000000000 0.000000000000000 0.000000000000000 0
176 0.000000000000000 0.000000000000000 0.000000000000000 0
177 0.000000000000000 0.000000000000000 0.000000000000000 0
178 0.000000000000000 0.000000000000000 0.000000000000000 0
179 0.000000000000000 0.000000000000000 0.000000000000000 0
180 0.000000000000000 0.000000000000000 0.000000000000000 0
181 0.000000000000000 0.000000000000000 0.000000000000000 0
182 0.000000000000000 0.000000000000000 0.000000000000000 0
183 0.000000000000000 0.000000000000000 0.000000000000000 0
184 0.000000000000000 0.000000000000000 0.000000000000000 0
185 0.000000000000000 0.000000000000000 0.000000000000000 0
186 0.000000000000000 0.000000000000000 0.000000000000000 0
187 0.000000000000000 0.000000000000000 0.000000000000000 0
188 0.000000000000000 0.000000000000000 0.000000000000000 0
189 0.000000000000000 0.000000000000000 0.000000000000000 0
190 0.000000000000000 0.000000000000000 0.000000000000000 0
191 0.000000000000000 0.000000000000000 0.000000000000000 0
192 0.000000000000000 0.000000000000000 0.000000000000000 0
193 0.000000000000000 0.000000000000000 0.000000000000000 0
194 0.000000000000000 0.000000000000000 0.000000000000000 0
195 0.000000000000000 0.000000000000000 0.000000000000000 0
196 0.000000000000000 0.000000000000000 0.000000000000000 0
197 0.000000000000000 0.000000000000000 0.000000000000000 0
198 0.000000000000000 0.000000000000000 0.000000000000000 0
199 0.000000000000000 0.000000000000000 0.000000000000000 0
200 0.000000000000000 0.000000000000000 0.000000000000000 0
201 0.000000000000000 0.000000000000000 0.000000000000000 0
202 0.000000000000000 0.000000000000000 0.000000000000000 0
203 0.000000000000000 0.000000000000000 0.000000000000000 0
204 0.000000000000000 0.000000000000000 0.000000000000000 0
205 0.000000000000000 0.000000000000000 0.000000000000000 0
206 0.000000000000000 0.000000000000000 0.000000000000000 0
207 0.000000000000000 0.000000000000000 0.000000000000000 0
208 0.000000000000000 0.000000000000000 0.000000000000000 0
209 0.000000000000000 0.000000000000000 0.000000000000000 0
210 0.000000000000000 0.000000000000000 0.000000000000000 0
211 0.000000000000000 0.000000000000000 0.000000000000000 0
212 0.000000000000000 0.000000000000000 0.000000000000000 0
213 0.000000000000000 0.000000000000000 0.000000000000000 0
214 0.000000000000000 0.000000000000000 0.000000000000000 0
215 0.000000000000000 0.000000000000000 0.000000000000000 0
216 0.000000000000000 0.000000000000000 0.000000000000000 0
217 0.000000000000000 0.000000000000000 0.000000000000000 0
218 0.000000000000000 0.000000000000000 0.000000000000000 0
219 0.000000000000000 0.000000000000000 0.000000000000000 0
220 0.000000000000000 0.000000000000000 0.000000000000000 0
221 0.000000000000000 0.000000000000000 0.000000000000000 0
222 0.000000000000000 0.000000000000000 0.000000000000000 0
223 0.000000000000000 0.000000000000000 0.000000000000000 0
224 0.000000000000000 0.000000000000000 0.000000000000000 0
225 0.000000000000000 0.000000000000000 0.000000000000000 0
226 0.000000000000000 0.000000000000000 0.000000000000000 0
227 0.000000000000000 0.000000000000000 0.000000000000000 0
228 0.000000000000000 0.000000000000000 0.000000000000000 0
229 0.000000000000000 0.000000000000000 0.000000000000000 0
230 0.000000000000000 0.000000000000000 0.000000000000000 0
231 0.000000000000000 0.000000000000000 0.000000000000000 0
232 0.000000000000000 0.000000000000000 0.000000000000000 0
233 0.000000000000000 0.000000000000000 0.000000000000000 0
234 0.000000000000000 0.000000000000000 0.000000000000000 0
235 0.000000000000000 0.000000000000000 0.000000000000000 0
236 0.000000000000000 0.000000000000000 0.000000000000000 0
237 0.000000000000000 0.000000000000000 0.000000000000000 0
238 0.000000000000000 0.000000000000000 0.000000000000000 0
239 0.000000000000000 0.000000000000000 0.000000000000000 0
240 0.000000000000000 0.000000000000000 0.000000000000000 0
241 0.000000000000000 0.000000000000000 0.000000000000000 0
242 0.000000000000000 0.000000000000000 0.000000000000000 0
243 0.000000000000000 0.000000000000000 0.000000000000000 0
244 0.000000000000000 0.000000000000000 0.000000000000000 0
245 0.000000000000000 0.000000000000000 0.000000000000000 0
246 0.000000000000000 0.000000000000000 0.000000000000000 0
247 0.000000000000000 0.000000000000000 0.000000000000000 0
248 0.000000000000000 0.000000000000000 0.000000000000000 0
249 0.000000000000000 0.000000000000000 0.000000000000000 0
250 0.000000000000000 0.000000000000000 0.000000000000000 0
251 0.000000000000000 0.000000000000000 0.000000000000000 0
252 0.000000000000000 0.000000000000000 0.000000000000000 0
253 0.000000000000000 0.000000000000000 0.000000000000000 0
254 0.000000000000000 0.000000000000000 0.000000000000000 0
255 0.000000000000000 0.000000000000000 0.000000000000000 0
256 0.000000000000000 0.000000000000000 0.000000000000000 0
257 0.000000000000000 0.000000000000000 0.000000000000000 0
258 0.000000000000000 0.000000000000000 0.000000000000000 0
259 0.000000000000000 0.000000000000000 0.000000000000000 0
260 0.000000000000000 0.000000000000000 0.000000000000000 0
261 0.000000000000000 0.000000000000000 0.000000000000000 0
262 0.000000000000000 0.000000000000000 0.000000000000000 0
263 0.000000000000000 0.000000000000000 0.000000000000000 0
264 0.000000000000000 0.000000000000000 0.000000000000000 0
265 0.000000000000000 0.000000000000000 0.000000000000000 0
266 0.000000000000000 0.000000000000000 0.000000000000000 0
267 0.000000000000000 0.000000000000000 0.000000000000000 0
268 0.000000000000000 0.000000000000000 0.000000000000000 0
269 0.000000000000000 0.000000000000000 0.000000000000000 0
270 0.000000000000000 0.000000000000000 0.000000000000000 0
271 0.000000000000000 0.000000000000000 0.000000000000000 0
272 0.000000000000000 0.000000000000000 0.000000000000000 0
273 0.000000000000000 0.000000000000000 0.000000000000000 0
274 0.000000000000000 0.000000000000000 0.000000000000000 0
275 0.000000000000000 0.000000000000000 0.000000000000000 0
276 0.000000000000000 0.000000000000000 0.000000000000000 0
277 0.000000000000000 0.000000000000000 0.000000000000000 0
278 0.000000000000000 0.000000000000000 0.000000000000000 0
279 0.000000000000000 0.000000000000000 0.000000000000000 0
280 0.000000000000000 0.000000000000000 0.000000000000000 0
281 0.000000000000000 0.000000000000000 0.000000000000000 0
282 0.000000000000000 0.000000000000000 0.000000000000000 0
283 0.000000000000000 0.000000000000000 0.000000000000000 0
284 0.000000000000000 0.000000000000000 0.000000000000000 0
285 0.000000000000000 0.000000000000000 0.000000000000000 0
286 0.000000000000000 0.000000000000000 0.000000000000000 0
287 0.000000000000000 0.000000000000000 0.000000000000000 0
288 0.000000000000000 0.000000000000000 0.000000000000000 0
289 0.000000000000000 0.000000000000000 0.000000000000000 0
290 0.000000000000000 0.000000000000000 0.000000000000000 0
291 0.000000000000000 0.000000000000000 0.000000000000000 0
292 0.000000000000000 0.000000000000000 0.000000000000000 0
293 0.000000000000000 0.000000000000000 0.000000000000000 0
294 0.000000000000000 0.000000000000000 0.000000000000000 0
295 0.000000000000000 0.000000000000000 0.000000000000000 0
296 0.000000000000000 0.000000000000000 0.000000000000000 0
297 0.000000000000000 0.000000000000000 0.000000000000000 0
298 0.000000000000000 0.000000000000000 0.000000000000000 0
299 0.000000000000000 0.000000000000000 0.000000000000000 0
300 0.000000000000000 0.000000000000000 0.000000000000000 0
301 0.000000000000000 0.000000000000000 0.000000000000000 0
302 0.000000000000000 0.000000000000000 0.000000000000000 0
303 0.000000000000000 0.000000000000000 0.000000000000000 0
304 0.000000000000000 0.000000000000000 0.000000000000000 0
305 0.000000000000000 0.000000000000000 0.000000000000000 0
306 0.000000000000000 0.000000000000000 0.000000000000000 0
307 0.000000000000000 0.000000000000000 0.000000000000000 0
308 0.000000000000000 0.000000000000000 0.000000000000000 0
309 0.000000000000000 0.000000000000000 0.000000000000000 0
310 0.000000000000000 0.000000000000000 0.000000000000000 0
311 0.000000000000000 0.000000000000000 0.000000000000000 0
312 0.000000000000000 0.000000000000000 0.000000000000000 0
313 0.000000000000000 0.000000000000000 0.000000000000000 0
314 0.000000000000000 0.000000000000000 0.000000000000000 0
315 0.000000000000000 0.000000000000000 0.000000000000000 0
316 0.000000000000000 0.000000000000000 0.000000000000000 0
317 0.000000000000000 0.000000000000000 0.000000000000000 0
318 0.000000000000000 0.000000000000000 0.000000000000000 0
319 0.000000000000000 0.000000000000000 0.000000000000000 0
320 0.000000000000000 0.000000000000000 0.000000000000000 0
321 0.000000000000000 0.000000000000000 0.000000000000000 0
322 0.000000000000000 0.000000000000000 0.000000000000000 0
323 0.000000000000000 0.000000000000000 0.000000000000000 0
324 0.000000000000000 0.000000000000000 0.000000000000000 0
325 0.000000000000000 0.000000000000000 0.000000000000000 0
326 0.000000000000000 0.000000000000000 0.000000000000000 0
327 0.000000000000000 0.000000000000000 0.000000000000000 0
328 0.000000000000000 0.000000000000000 0.000000000000000 0
329 0.000000000000000 0.000000000000000 0.000000000000000 0
330 0.000000000000000 0.000000000000000 0.000000000000000 0
331 0.000000000000000 0.000000000000000 0.000000000000000 0
332 0.000000000000000 0.000000000000000 0.000000000000000 0
333 0.000000000000000 0.000000000000000 0.000000000000000 0
334 0.000000000000000 0.000000000000000 0.000000000000000 0
335 0.000000000000000 0.000000000000000 0.000000000000000 0
336 0.000000000000000 0.000000000000000 0.000000000000000 0
337 0.000000000000000 0.000000000000000 0.000000000000000 0
338 0.000000000000000 0.000000000000000 0.000000000000000 0
339 0.000000000000000 0.000000000000000 0.000000000000000 0
340 0.000000000000000 0.000000000000000 0.000000000000000 0
341 0.000000000000000 0.000000000000000 0.000000000000000 0
342 0.000000000000000 0.000000000000000 0.000000000000000 0
343 0.000000000000000 0.000000000000000 0.000000000000000 0
344 0.000000000000000 0.000000000000000 0.000000000000000 0
345 0.000000000000000 0.000000000000000 0.000000000000000 0
346 0.000000000000000 0.000000000000000 0.000000000000000 0
347 0.000000000000000 0.000000000000000 0.000000000000000 0
348 0.000000000000000 0.000000000000000 0.000000000000000 0
349 0.000000000000000 0.000000000000000 0.000000000000000 0
350 0.000000000000000 0.000000000000000 0.000000000000000 0
351 0.000000000000000 0.000000000000000 0.000000000000000 0
352 0.000000000000000 0.000000000000000 0.000000000000000 0
353 0.000000000000000 0.000000000000000 0.000000000000000 0
354 0.000000000000000 0.000000000000000 0.000000000000000 0
355 0.000000000000000 0.000000000000000 0.000000000000000 0
356 0.000000000000000 0.000000000000000 0.000000000000000 0
357 0.000000000000000 0.000000000000000 0.000000000000000 0
358 0.000000000000000 0.000000000000000 0.000000000000000 0
359 0.000000000000000 0.000000000000000 0.000000000000000 0
360 0.000000000000000 0.000000000000000 0.000000000000000 0
361 0.000000000000000 0.000000000000000 0.000000000000000 0
362 0.000000000000000 0.000000000000000 0.000000000000000 0
363 0.000000000000000 0.000000000000000 0.000000000000000 0
364 0.000000000000000 0.000000000000000 0.000000000000000 0
365 0.000000000000000 0.000000000000000 0.000000000000000 0
366 0.000000000000000 0.000000000000000 0.000000000000000 0
367 0.000000000000000 0.000000000000000 0.000000000000000 0
368 0.000000000000000 0.000000000000000 0.000000000000000 0
369 0.000000000000000 0.000000000000000 0.000000000000000 0
370 0.000000000000000 0.000000000000000 0.000000000000000 0
371 0.000000000000000 0.000000000000000 0.000000000000000 0
372 0.000000000000000 0.000000000000000 0.000000000000000 0
373 0.000000000000000 0.000000000000000 0.000000000000000 0
374 0.000000000000000 0.000000000000000 0.000000000000000 0
375 0.000000000000000 0.000000000000000 0.000000000000000 0
376 0.000000000000000 0.000000000000000 0.000000000000000 0
377 0.000000000000000 0.000000000000000 0.000000000000000 0
378 0.000000000000000 0.000000000000000 0.000000000000000 0
379 0.000000000000000 0.000000000000000 0.000000000000000 0
380 0.000000000000000 0.000000000000000 0.000000000000000 0
381 0.000000000000000 0.000000000000000 0.000000000000000 0
382 0.000000000000000 0.000000000000000 0.000000000000000 0
383 0.000000000000000 0.000000000000000 0.000000000000000 0
384 0.000000000000000 0.000000000000000 0.000000000000000 0
385 0.000000000000000 0.000000000000000 0.000000000000000 0
386 0.000000000000000 0.000000000000000 0.000000000000000 0
387 0.000000000000000 0.000000000000000 0.000000000000000 0
388 0.000000000000000 0.000000000000000 0.000000000000000 0
389 0.000000000000000 0.000000000000000 0.000000000000000 0
390 0.000000000000000 0.000000000000000 0.000000000000000 0
391 0.000000000000000 0.000000000000000 0.000000000000000 0
392 0.000000000000000 0.000000000000000 0.000000000000000 0
393 0.000000000000000 0.000000000000000 0.000000000000000 0
394 0.000000000000000 0.000000000000000 0.000000000000000 0
395 0.000000000000000 0.000000000000000 0.000000000000000 0
396 0.000000000000000 0.000000000000000 0.000000000000000 0
397 0.000000000000000 0.000000000000000 0.000000000000000 0
398 0.000000000000000 0.000000000000000 0.000000000000000 0
399 0.000000000000000 0.000000000000000 0.000000000000000 0
400 0.000000000000000 0.000000000000000 0.000000000000000 0
401 0.000000000000000 0.000000000000000 0.000000000000000 0
402 0.000000000000000 0.000000000000000 0.000000000000000 0
403 0.000000000000000 0.000000000000000 0.000000000000000 0
404 0.000000000000000 0.000000000000000 0.000000000000000 0
405 0.000000000000000 0.000000000000000 0.000000000000000 0
406 0.000000000000000 0.000000000000000 0.000000000000000 0
407 0.000000000000000 0.000000000000000 0.000000000000000 0
408 0.000000000000000 0.000000000000000 0.000000000000000 0
409 0.000000000000000 0.000000000000000 0.000000000000000 0
410 0.000000000000000 0.000000000000000 0.000000000000000 0
411 0.000000000000000 0.000000000000000 0.000000000000000 0
412 0.000000000000000 0.000000000000000 0.000000000000000 0
413 0.000000000000000 0.000000000000000 0.000000000000000 0
414 0.000000000000000 0.000000000000000 0.000000000000000 0
415 0.000000000000000 0.000000000000000 0.000000000000000 0
416 0.000000000000000 0.000000000000000 0.000000000000000 0
417 0.000000000000000 0.000000000000000 0.000000000000000 0
418 0.000000000000000 0.000000000000000 0.000000000000000 0
419 0.000000000000000 0.000000000000000 0.000000000000000 0
420 0.000000000000000 0.000000000000000 0.000000000000000 0
421 0.000000000000000 0.000000000000000 0.000000000000000 0
422 0.000000000000000 0.000000000000000 0.000000000000000 0
423 0.000000000000000 0.000000000000000 0.000000000000000 0
424 0.000000000000000 0.000000000000000 0.000000000000000 0
425 0.000000000000000 0.000000000000000 0.000000000000000 0
426 0.000000000000000 0.000000000000000 0.000000000000000 0
427 0.000000000000000 0.000000000000000 0.000000000000000 0
428 0.000000000000000 0.000000000000000 0.000000000000000 0
429 0.000000000000000 0.000000000000000 0.000000000000000 0
430 0.000000000000000 0.000000000000000 0.000000000000000 0
431 0.000000000000000 0.000000000000000 0.000000000000000 0
432 0.000000000000000 0.000000000000000 0.000000000000000 0
433 0.000000000000000 0.000000000000000 0.000000000000000 0
434 0.000000000000000 0.000000000000000 0.000000000000000 0
435 0.000000000000000 0.000000000000000 0.000000000000000 0
436 0.000000000000000 0.000000000000000 0.000000000000000 0
437 0.000000000000000 0.000000000000000 0.000000000000000 0
438 0.000000000000000 0.000000000000000 0.000000000000000 0
439 0.000000000000000 0.000000000000000 0.000000000000000 0
440 0.000000000000000 0.000000000000000 0.000000000000000 0
441 0.000000000000000 0.000000000000000 0.000000000000000 0
442 0.000000000000000 0.000000000000000 0.000000000000000 0
443 0.000000000000000 0.000000000000000 0.000000000000000 0
444 0.000000000000000 0.000000000000000 0.000000000000000 0
445 0.000000000000000 0.000000000000000 0.000000000000000 0
446 0.000000000000000 0.000000000000000 0.000000000000000 0
447 0.000000000000000 0.000000000000000 0.000000000000000 0
448 0.000000000000000 0.000000000000000 0.000000000000000 0
449 0.000000000000000 0.000000000000000 0.000000000000000 0
450 0.000000000000000 0.000000000000000 0.000000000000000 0
451 0.000000000000000 0.000000000000000 0.000000000000000 0
452 0.000000000000000 0.000000000000000 0.000000000000000 0
453 0.000000000000000 0.000000000000000 0.000000000000000 0
454 0.000000000000000 0.000000000000000 0.000000000000000 0
455 0.000000000000000 0.000000000000000 0.000000000000000 0
456 0.000000000000000 0.000000000000000 0.000000000000000 0
457 0.000000000000000 0.000000000000000 0.000000000000000 0
458 0.000000000000000 0.000000000000000 0.000000000000000 0
459 0.000000000000000 0.000000000000000 0.000000000000000 0
460 0.000000000000000 0.000000000000000 0.000000000000000 0
461 0.000000000000000 0.000000000000000 0.000000000000000 0
462 0.000000000000000 0.000000000000000 0.000000000000000 0
463 0.000000000000000 0.000000000000000 0.000000000000000 0
464 0.000000000000000 0.000000000000000 0.000000000000000 0
465 0.000000000000000 0.000000000000000 0.000000000000000 0
466 0.000000000000000 0.000000000000000 0.000000000000000 0
467 0.000000000000000 0.000000000000000 0.000000000000000 0
468 0.000000000000000 0.000000000000000 0.000000000000000 0
469 0.000000000000000 0.000000000000000 0.000000000000000 0
470 0.000000000000000 0.000000000000000 0.000000000000000 0
471 0.000000000000000 0.000000000000000 0.000000000000000 0
472 0.000000000000000 0.000000000000000 0.000000000000000 0
473 0.000000000000000 0.000000000000000 0.000000000000000 0
474 0.000000000000000 0.000000000000000 0.000000000000000 0
475 0.000000000000000 0.000000000000000 0.000000000000000 0
476 0.000000000000000 0.000000000000000 0.000000000000000 0
477 0.000000000000000 0.000000000000000 0.000000000000000 0
478 0.000000000000000 0.000000000000000 0.000000000000000 0
479 0.000000000000000 0.000000000000000 0.000000000000000 0
480 0.000000000000000 0.000000000000000 0.000000000000000 0
481 0.000000000000000 0.000000000000000 0.000000000000000 0
482 0.000000000000000 0.000000000000000 0.000000000000000 0
483 0.000000000000000 0.000000000000000 0.000000000000000 0
484 0.000000000000000 0.000000000000000 0.000000000000000 0
485 0.000000000000000 0.000000000000000 0.000000000000000 0
486 0.000000000000000 0.000000000000000 0.000000000000000 0
487 0.000000000000000 0.000000000000000 0.000000000000000 0
488 0.000000000000000 0.000000000000000 0.000000000000000 0
489 0.000000000000000 0.000000000000000 0.000000000000000 0
490 0.000000000000000 0.000000000000000 0.000000000000000 0
491 0.000000000000000 0.000000000000000 0.000000000000000 0
492 0.000000000000000 0.000000000000000 0.000000000000000 0
493 0.000000000000000 0.000000000000000 0.000000000000000 0
494 0.000000000000000 0.000000000000000 0.000000000000000 0
495 0.000000000000000 0.000000000000000 0.000000000000000 0
496 0.000000000000000 0.000000000000000 0.000000000000000 0
497 0.000000000000000 0.000000000000000 0.000000000000000 0
498 0.000000000000000 0.000000000000000 0.000000000000000 0
499 0.000000000000000 0.000000000000000 0.000000000000000 0
500 0.000000000000000 0.000000000000000 0.000000000000000 0
501 0.000000000000000 0.000000000000000 0.000000000000000 0
502 0.000000000000000 0.000000000000000 0.000000000000000 0
503 0.000000000000000 0.000000000000000 0.000000000000000 0
504 0.000000000000000 0.000000000000000 0.000000000000000 0
505 0.000000000000000 0.000000000000000 0.000000000000000 0
506 0.000000000000000 0.000000000000000 0.000000000000000 0
507 0.000000000000000 0.000000000000000 0.000000000000000 0
508 0.000000000000000 0.000000000000000 0.000000000000000 0
509 0.000000000000000 0.000000000000000 0.000000000000000 0
510 0.000000000000000 0.000000000000000 0.000000000000000 0
511 0.000000000000000 0.000000000000000 0.000000000000000 0
