0 0.000000000000000 0.000000000000000 0.000000000000000 0
1 0.081230468750000 46.315379932934157 0.000000000000000 100
2 0.088554687500000 44.174579385669894 0.598772449419326 100
3 0.075927734375000 44.803778937654386 0.541369628330382 100
4 0.063720703125000 45.201932370573680 0.513039892444249 100
5 0.052656250000000 47.146277269961089 0.477020818368113 100
6 0.044042968750000 48.354791983775030 0.455278757408910 100
7 0.038916015625000 48.906019170440999 0.435898730080091 100
8 0.033857421875000 49.371048225678521 0.417805150133177 100
9 0.029365234375000 49.962472595845782 0.403156532375755 100
10 0.027275390625000 50.278219595528626 0.393830239536057 100
11 0.023310546875000 51.432150549335084 0.384839081750917 100
12 0.021650390625000 51.265515326178367 0.376226202895335 100
13 0.019619140625000 51.645543121673860 0.368361103660980 100
14 0.018789062500000 52.870390214179295 0.367214191194264 100
15 0.017060546875000 52.359479813022716 0.355307360756759 100
16 0.015703125000000 52.212082550247011 0.343044862476251 100
17 0.014882812500000 53.427147572154773 0.341217438182211 100
18 0.014033203125000 54.495431374772267 0.340061489486905 100
19 0.012792968750000 53.152048449174323 0.329566196525141 100
20 0.012167968750000 55.035308302510600 0.338016717257931 100
21 0.011494140625000 54.691587971163599 0.324005921160228 100
22 0.011015625000000 54.201628216542957 0.321382426241112 100
23 0.009873046875000 54.240675015495420 0.311354007669236 100
24 0.009619140625000 55.444277825830234 0.315529623521311 100
25 0.009072265625000 54.873835843143780 0.307145470934294 100
26 0.008378906250000 55.395859662082522 0.302130904023076 100
27 0.007968750000000 54.802224385696597 0.295075186170272 100
28 0.008017578125000 56.577617722263767 0.297315343714970 100
29 0.007607421875000 56.618680067059387 0.295391752609733 100
30 0.006699218750000 56.197256385281378 0.295331645685094 100
31 0.006679687500000 56.739909952950256 0.294012858408020 100
32 0.006513671875000 56.202503224206360 0.285885442850161 100
33 0.006044921875000 57.093476128248867 0.289079734343939 100
34 0.005976562500000 56.927210313379440 0.287964313711640 100
35 0.005527343750000 56.792923270380427 0.280248314290751 100
36 0.005380859375000 56.327983966650663 0.279364418562037 100
37 0.004746093750000 56.083919776919736 0.278241348491348 100
38 0.004902343750000 57.333383202905203 0.278908275699361 98
39 0.004453125000000 57.390388362105526 0.272175498610905 99
40 0.004072265625000 57.243035714285703 0.269309890109890 100
41 0.004316406250000 57.683510677819612 0.273254921456141 99
42 0.004091796875000 57.911167402633588 0.274688366289320 95
43 0.003779296875000 58.829093552229473 0.273507271258753 97
44 0.004042968750000 56.854619910550305 0.264675640951573 96
45 0.003681640625000 58.471071520429156 0.263796233666025 96
46 0.003505859375000 57.791905554399840 0.261620048510972 95
47 0.003603515625000 58.068134214171970 0.255283466190317 98
48 0.003417968750000 57.258628863826239 0.260514306599833 95
49 0.002978515625000 58.130417037846875 0.259586776592251 96
50 0.003076171875000 60.212609213250545 0.256169899015507 92
51 0.003134765625000 57.328387782831157 0.250232195148071 93
52 0.003505859375000 56.995497789247764 0.251932462961875 99
53 0.002802734375000 58.306137117919945 0.251087643745037 98
54 0.002382812500000 57.474548652595246 0.251772828485481 93
55 0.002500000000000 59.794474245561197 0.257543220333075 92
56 0.002685546875000 58.748211482395163 0.254785044887086 91
57 0.002460937500000 58.662567467357547 0.244836744080640 89
58 0.002421875000000 57.900907654561443 0.240241977571569 86
59 0.002412109375000 59.660494625431078 0.255794297023841 88
60 0.002470703125000 59.630575614861343 0.252323294811188 91
61 0.002431640625000 59.008015156698178 0.244408116903051 89
62 0.002324218750000 59.582815554740961 0.246513589090268 88
63 0.002265625000000 58.671348921886555 0.241224786056559 93
64 0.001953125000000 60.997128906249998 0.245881489748677 80
65 0.001972656250000 59.427922523213248 0.242386229928018 86
66 0.002148437500000 58.943442760942808 0.233665544332211 90
67 0.001894531250000 58.819859038142610 0.241600439361633 84
68 0.001787109375000 58.619046775336678 0.245082348710029 83
69 0.001699218750000 60.581067402806518 0.239903449302426 84
70 0.002041015625000 60.010670498084288 0.244803391954816 87
71 0.001708984375000 59.891597018005470 0.232076107438281 78
72 0.001621093750000 60.687802282593942 0.233003397880158 78
73 0.001591796875000 59.953125000000000 0.235018708777271 80
74 0.001552734375000 59.127925941814830 0.228915923969196 81
75 0.001425781250000 59.322659031545136 0.228230671901558 79
76 0.001806640625000 62.010555379412374 0.242250686958360 83
77 0.001630859375000 61.501421197849744 0.233283445877431 78
78 0.001464843750000 60.231296481296482 0.228796507553465 77
79 0.001298828125000 59.850580168776368 0.228830164003284 68
80 0.001376953125000 62.020929054054065 0.242105855855856 74
81 0.001455078125000 61.818985890652570 0.233261610817166 70
82 0.001220703125000 61.238648681941370 0.226587844722443 66
83 0.001347656250000 61.000413247191659 0.225128225876287 69
84 0.001240234375000 63.155558655753978 0.239187276316149 64
85 0.001201171875000 62.624008073817777 0.230624210468501 68
86 0.001250000000000 60.146301452123595 0.226780408855321 71
87 0.001074218750000 59.877637900626404 0.218530469599702 63
88 0.001044921875000 62.546814123376592 0.225221348335572 56
89 0.000966796875000 59.897413389513105 0.222017843462717 64
90 0.000966796875000 60.542099761051382 0.214434242143557 62
91 0.001015625000000 60.819156866525319 0.220756235317639 57
92 0.000927734375000 62.695360305958111 0.222861035904514 54
93 0.000927734375000 63.327841368944391 0.229610610927627 62
94 0.001025390625000 62.364857178407021 0.226113164784913 57
95 0.000888671875000 62.545799220272912 0.225597030401062 54
96 0.000908203125000 62.535329861111101 0.223774122807018 50
97 0.000878906250000 62.362269882179696 0.216885534282441 56
98 0.000722656250000 63.212993197278905 0.219471912476331 50
99 0.000732421875000 62.046094276094252 0.214596990311276 50
100 0.000732421875000 65.207061594202898 0.223945469184600 46
101 0.000898437500000 62.948745305565026 0.224779219301240 58
102 0.000771484375000 63.703521763315273 0.225675727773028 47
103 0.000751953125000 62.293887769432729 0.213807144644510 53
104 0.000800781250000 63.150685017596786 0.221123582617015 51
105 0.000927734375000 61.599815759637202 0.217492750305250 56
106 0.000917968750000 63.368176100628936 0.220711230907457 50
107 0.000810546875000 64.037383177570092 0.220693434867890 54
108 0.000722656250000 64.677744492858864 0.212356481764276 51
109 0.000654296875000 64.084437648657826 0.218958671549565 45
110 0.000683593750000 65.127926997245169 0.216782609245078 44
111 0.000654296875000 64.348331664998341 0.213450116783450 45
112 0.000537109375000 62.424107142857146 0.203993627774116 41
113 0.000585937500000 64.790627514078878 0.215453563766617 44
114 0.000673828125000 64.669521198830424 0.213746312684366 40
115 0.000576171875000 64.073524213503035 0.212023962344887 41
116 0.000703125000000 64.806799725137438 0.221161158551159 46
117 0.000449218750000 62.898822412155752 0.206742148868586 30
118 0.000400390625000 62.246287328490702 0.204438373929899 35
119 0.000546875000000 64.216897569838736 0.207180902594661 37
120 0.000527343750000 63.166809116809112 0.205196437549379 39
121 0.000537109375000 63.858746556473854 0.206924931129477 40
122 0.000712890625000 65.024994940295500 0.213955668625316 54
123 0.000556640625000 63.098486350717195 0.209997843680956 41
124 0.000380859375000 63.175338189386068 0.199982938955300 31
125 0.000410156250000 64.269647058823537 0.200722960151803 34
126 0.000458984375000 62.031293511556669 0.201616262879421 38
127 0.000429687500000 63.492198891805188 0.207519777620390 36
128 0.000380859375000 70.071883979885058 0.226531388587203 29
129 0.000390625000000 66.418604651162795 0.218053884879266 29
130 0.000361328125000 66.340476190476195 0.211819575773064 28
131 0.000400390625000 62.398797131621571 0.196955461840958 33
132 0.000468750000000 65.935873890419344 0.204987651205555 33
133 0.000507812500000 64.132760472610116 0.197057579012466 35
134 0.000380859375000 63.994053171641795 0.208062717427898 32
135 0.000380859375000 64.342237186681629 0.195443657135199 33
136 0.000371093750000 70.125186274509801 0.216202178649238 25
137 0.000498046875000 63.802090245520901 0.196752844026352 33
138 0.000400390625000 68.204991948470209 0.211121102060486 30
139 0.000263671875000 63.242655875299768 0.191442498175373 24
140 0.000351562500000 64.880952380952380 0.199133754221113 28
141 0.000332031250000 70.020283687943262 0.207416751097602 25
142 0.000292968750000 66.636558481322723 0.201797587870734 23
143 0.000244140625000 66.727272727272734 0.202234755607624 19
144 0.000351562500000 68.854817708333329 0.208041620802037 24
145 0.000283203125000 66.101436781609195 0.205566730523627 20
146 0.000273437500000 65.728555120678408 0.194636390219763 21
147 0.000273437500000 70.923299319727889 0.217966638710279 20
148 0.000312500000000 67.692787896592222 0.204637201531612 23
149 0.000283203125000 65.379194630872476 0.199998351005062 22
150 0.000244140625000 68.551790123456783 0.211238710746541 18
151 0.000244140625000 68.598905845090684 0.202445532200787 23
152 0.000185546875000 63.945175438596486 0.187132566515627 15
153 0.000263671875000 65.744901960784318 0.191188940488476 20
154 0.000117187500000 73.537987012987017 0.211293608352432 10
155 0.000244140625000 73.748132427843800 0.214831433422265 19
156 0.000234375000000 64.399797570850197 0.185398255771770 19
157 0.000253906250000 67.295169851380038 0.194762915782024 20
158 0.000224609375000 68.266274864376129 0.193618671365991 21
159 0.000175781250000 67.942497753818500 0.191673206182401 14
160 0.000224609375000 72.034114583333320 0.208194116876310 16
161 0.000195312500000 67.474443581780534 0.187433682712215 16
162 0.000175781250000 70.612551440329227 0.199690719014390 15
163 0.000136718750000 66.465405589638706 0.190674257534062 9
164 0.000185546875000 68.415777439024382 0.191065483315876 16
165 0.000117187500000 74.845791245791233 0.218686868686869 9
166 0.000175781250000 67.252610441767061 0.190901788974078 15
167 0.000087890625000 68.643338323353291 0.196463999711420 8
168 0.000126953125000 67.270436507936523 0.187185153502519 10
169 0.000097656250000 62.447074293228134 0.178219216680755 9
170 0.000068359375000 75.205392156862743 0.209589279498782 6
171 0.000175781250000 66.026090868196121 0.188613691090471 13
172 0.000087890625000 62.116279069767444 0.165722229777717 9
173 0.000087890625000 68.223506743737957 0.187196606473391 9
174 0.000039062500000 67.886494252873561 0.194638230017939 4
175 0.000087890625000 66.318095238095253 0.183054187192118 9
176 0.000097656250000 71.123579545454547 0.201806006493507 8
177 0.000117187500000 71.096327683615840 0.200321006676939 10
178 0.000058593750000 74.750468164794015 0.207870458536998 4
179 0.000087890625000 64.906890130353815 0.179314962442199 9
180 0.000078125000000 65.688194444444434 0.178189013035382 8
181 0.000078125000000 68.626677190213101 0.179821099710603 7
182 0.000019531250000 78.826923076923080 0.203873474591707 2
183 0.000068359375000 70.327868852459019 0.188788806821593 5
184 0.000019531250000 73.304347826086953 0.204561653599430 2
185 0.000058593750000 72.867567567567562 0.191333725029377 4
186 0.000039062500000 84.909498207885306 0.238651554780587 3
187 0.000107421875000 77.298319327731093 0.214870307849435 7
188 0.000039062500000 75.754432624113477 0.197690294686540 3
189 0.000009765625000 48.507936507936506 0.121580547112462 1
190 0.000058593750000 77.680701754385964 0.213385315139701 6
191 0.000019531250000 61.892670157068061 0.168255717828603 2
192 0.000000000000000 0.000000000000000 0.000000000000000 0
193 0.000019531250000 78.225388601036272 0.198267487046632 2
194 0.000009765625000 79.793814432989691 0.215159446610758 1
195 0.000029296875000 76.731623931623929 0.207665873645255 3
196 0.000000000000000 0.000000000000000 0.000000000000000 0
197 0.000029296875000 83.013959390862937 0.228141510411271 2
198 0.000019531250000 81.507575757575751 0.203096959442137 1
199 0.000019531250000 77.497487437185924 0.204938835592102 2
200 0.000039062500000 72.452500000000001 0.184221105527638 4
201 0.000009765625000 83.388059701492537 0.200547263681592 1
202 0.000009765625000 83.579207920792072 0.210531500911285 1
203 0.000058593750000 75.205418719211821 0.191406135687460 5
204 0.000009765625000 76.044117647058826 0.196319907273254 1
205 0.000029296875000 82.426016260162598 0.206153355651204 3
206 0.000000000000000 0.000000000000000 0.000000000000000 0
207 0.000009765625000 56.135265700483089 0.143098353735753 1
208 0.000000000000000 0.000000000000000 0.000000000000000 0
209 0.000000000000000 0.000000000000000 0.000000000000000 0
210 0.000009765625000 76.690476190476190 0.198359535201640 1
211 0.000019531250000 70.172985781990519 0.166034755134281 2
212 0.000009765625000 47.816037735849058 0.116873826343557 1
213 0.000000000000000 0.000000000000000 0.000000000000000 0
214 0.000019531250000 74.593457943925230 0.199420824009477 2
215 0.000009765625000 49.102325581395348 0.121886546402956 1
216 0.000029296875000 73.675925925925924 0.178667815101924 3
217 0.000000000000000 0.000000000000000 0.000000000000000 0
218 0.000000000000000 0.000000000000000 0.000000000000000 0
219 0.000000000000000 0.000000000000000 0.000000000000000 0
220 0.000009765625000 49.968181818181819 0.127480282274803 1
221 0.000009765625000 50.533936651583709 0.128342245989305 1
222 0.000009765625000 92.099099099099092 0.227304227304227 1
223 0.000009765625000 65.322869955156946 0.135135135135135 1
224 0.000000000000000 0.000000000000000 0.000000000000000 0
225 0.000009765625000 49.697777777777780 0.124960317460317 1
226 0.000009765625000 92.902654867256643 0.233864306784661 1
227 0.000009765625000 75.779735682819378 0.179057346692137 1
228 0.000009765625000 86.942982456140356 0.206082386583198 1
229 0.000009765625000 91.864628820960704 0.224622692101433 1
230 0.000009765625000 64.465217391304350 0.148889310803114 1
231 0.000000000000000 0.000000000000000 0.000000000000000 0
232 0.000000000000000 0.000000000000000 0.000000000000000 0
233 0.000009765625000 74.639484978540779 0.175299689211188 1
234 0.000000000000000 0.000000000000000 0.000000000000000 0
235 0.000000000000000 0.000000000000000 0.000000000000000 0
236 0.000000000000000 0.000000000000000 0.000000000000000 0
237 0.000000000000000 0.000000000000000 0.000000000000000 0
238 0.000000000000000 0.000000000000000 0.000000000000000 0
239 0.000000000000000 0.000000000000000 0.000000000000000 0
240 0.000009765625000 89.004166666666663 0.214260808926081 1
241 0.000000000000000 0.000000000000000 0.000000000000000 0
242 0.000000000000000 0.000000000000000 0.000000000000000 0
243 0.000000000000000 0.000000000000000 0.000000000000000 0
244 0.000000000000000 0.000000000000000 0.000000000000000 0
245 0.000000000000000 0.000000000000000 0.000000000000000 0
246 0.000000000000000 0.000000000000000 0.000000000000000 0
247 0.000000000000000 0.000000000000000 0.000000000000000 0
248 0.000000000000000 0.000000000000000 0.000000000000000 0
249 0.000000000000000 0.000000000000000 0.000000000000000 0
250 0.000000000000000 0.000000000000000 0.000000000000000 0
251 0.000000000000000 0.000000000000000 0.000000000000000 0
252 0.000000000000000 0.000000000000000 0.000000000000000 0
253 0.000000000000000 0.000000000000000 0.000000000000000 0
254 0.000000000000000 0.000000000000000 0.000000000000000 0
255 0.000000000000000 0.000000000000000 0.000000000000000 0
256 0.000000000000000 0.000000000000000 0.000000000000000 0
257 0.000000000000000 0.000000000000000 0.000000000000000 0
258 0.000000000000000 0.000000000000000 0.000000000000000 0
259 0.000000000000000 0.000000000000000 0.000000000000000 0
260 0.000000000000000 0.000000000000000 0.000000000000000 0
261 0.000000000000000 0.000000000000000 0.000000000000000 0
262 0.000000000000000 0.000000000000000 0.000000000000000 0
263 0.000000000000000 0.000000000000000 0.000000000000000 0
264 0.000000000000000 0.000000000000000 0.000000000000000 0
265 0.000000000000000 0.000000000000000 0.000000000000000 0
266 0.000000000000000 0.000000000000000 0.000000000000000 0
267 0.000000000000000 0.000000000000000 0.000000000000000 0
268 0.000000000000000 0.000000000000000 0.000000000000000 0
269 0.000000000000000 0.000000000000000 0.000000000000000 0
270 0.000000000000000 0.000000000000000 0.000000000000000 0
271 0.000000000000000 0.000000000000000 0.000000000000000 0
272 0.000000000000000 0.000000000000000 0.000000000000000 0
273 0.000000000000000 0.000000000000000 0.000000000000000 0
274 0.000000000000000 0.000000000000000 0.000000000000000 0
275 0.000000000000000 0.000000000000000 0.000000000000000 0
276 0.000000000000000 0.000000000000000 0.000000000000000 0
277 0.000000000000000 0.000000000000000 0.000000000000000 0
278 0.000000000000000 0.000000000000000 0.000000000000000 0
279 0.000000000000000 0.000000000000000 0.000000000000000 0
280 0.000000000000000 0.000000000000000 0.000000000000000 0
281 0.000000000000000 0.000000000000000 0.000000000000000 0
282 0.000000000000000 0.000000000000000 0.000000000000000 0
283 0.000000000000000 0.000000000000000 0.000000000000000 0
284 0.000000000000000 0.000000000000000 0.000000000000000 0
285 0.000000000000000 0.000000000000000 0.000000000000000 0
286 0.000000000000000 0.000000000000000 0.000000000000000 0
287 0.000000000000000 0.000000000000000 0.000000000000000 0
288 0.000000000000000 0.000000000000000 0.000000000000000 0
289 0.000000000000000 0.000000000000000 0.000000000000000 0
290 0.000000000000000 0.000000000000000 0.000000000000000 0
291 0.000000000000000 0.000000000000000 0.000000000000000 0
292 0.000000000000000 0.000000000000000 0.000000000000000 0
293 0.000000000000000 0.000000000000000 0.000000000000000 0
294 0.000000000000000 0.000000000000000 0.000000000000000 0
295 0.000000000000000 0.000000000000000 0.000000000000000 0
296 0.000000000000000 0.000000000000000 0.000000000000000 0
297 0.000000000000000 0.000000000000000 0.000000000000000 0
298 0.000000000000000 0.000000000000000 0.000000000000000 0
299 0.000000000000000 0.000000000000000 0.000000000000000 0
300 0.000000000000000 0.000000000000000 0.000000000000000 0
301 0.000000000000000 0.000000000000000 0.000000000000000 0
302 0.000000000000000 0.000000000000000 0.000000000000000 0
303 0.000000000000000 0.000000000000000 0.000000000000000 0
304 0.000000000000000 0.000000000000000 0.000000000000000 0
305 0.000000000000000 0.000000000000000 0.000000000000000 0
306 0.000000000000000 0.000000000000000 0.000000000000000 0
307 0.000000000000000 0.000000000000000 0.000000000000000 0
308 0.000000000000000 0.000000000000000 0.000000000000000 0
309 0.000000000000000 0.000000000000000 0.000000000000000 0
310 0.000000000000000 0.000000000000000 0.000000000000000 0
311 0.000000000000000 0.000000000000000 0.000000000000000 0
312 0.000000000000000 0.000000000000000 0.000000000000000 0
313 0.000000000000000 0.000000000000000 0.000000000000000 0
314 0.000000000000000 0.000000000000000 0.000000000000000 0
315 0.000000000000000 0.000000000000000 0.000000000000000 0
316 0.000000000000000 0.000000000000000 0.000000000000000 0
317 0.000000000000000 0.000000000000000 0.000000000000000 0
318 0.000000000000000 0.000000000000000 0.000000000000000 0
319 0.000000000000000 0.000000000000000 0.000000000000000 0
320 0.000000000000000 0.000000000000000 0.000000000000000 0
321 0.000000000000000 0.000000000000000 0.000000000000000 0
322 0.000000000000000 0.000000000000000 0.000000000000000 0
323 0.000000000000000 0.000000000000000 0.000000000000000 0
324 0.000000000000000 0.000000000000000 0.000000000000000 0
325 0.000000000000000 0.000000000000000 0.000000000000000 0
326 0.000000000000000 0.000000000000000 0.000000000000000 0
327 0.000000000000000 0.000000000000000 0.000000000000000 0
328 0.000000000000000 0.000000000000000 0.000000000000000 0
329 0.000000000000000 0.000000000000000 0.000000000000000 0
330 0.000000000000000 0.000000000000000 0.000000000000000 0
331 0.000000000000000 0.000000000000000 0.000000000000000 0
332 0.000000000000000 0.000000000000000 0.000000000000000 0
333 0.000000000000000 0.000000000000000 0.000000000000000 0
334 0.000000000000000 0.000000000000000 0.000000000000000 0
335 0.000000000000000 0.000000000000000 0.000000000000000 0
336 0.000000000000000 0.000000000000000 0.000000000000000 0
337 0.000000000000000 0.000000000000000 0.000000000000000 0
338 0.000000000000000 0.000000000000000 0.000000000000000 0
339 0.000000000000000 0.000000000000000 0.000000000000000 0
340 0.000000000000000 0.000000000000000 0.000000000000000 0
341 0.000000000000000 0.000000000000000 0.000000000000000 0
342 0.000000000000000 0.000000000000000 0.000000000000000 0
343 0.000000000000000 0.000000000000000 0.000000000000000 0
344 0.000000000000000 0.000000000000000 0.000000000000000 0
345 0.000000000000000 0.000000000000000 0.000000000000000 0
346 0.000000000000000 0.000000000000000 0.000000000000000 0
347 0.000000000000000 0.000000000000000 0.000000000000000 0
348 0.000000000000000 0.000000000000000 0.000000000000000 0
349 0.000000000000000 0.000000000000000 0.000000000000000 0
350 0.000000000000000 0.000000000000000 0.000000000000000 0
351 0.000000000000000 0.000000000000000 0.000000000000000 0
352 0.000000000000000 0.000000000000000 0.000000000000000 0
353 0.000000000000000 0.000000000000000 0.000000000000000 0
354 0.000000000000000 0.000000000000000 0.000000000000000 0
355 0.000000000000000 0.000000000000000 0.000000000000000 0
356 0.000000000000000 0.000000000000000 0.000000000000000 0
357 0.000000000000000 0.000000000000000 0.000000000000000 0
358 0.000000000000000 0.000000000000000 0.000000000000000 0
359 0.000000000000000 0.000000000000000 0.000000000000000 0
360 0.000000000000000 0.000000000000000 0.000000000000000 0
361 0.000000000000000 0.000000000000000 0.000000000000000 0
362 0.000000000000000 0.000000000000000 0.000000000000000 0
363 0.000000000000000 0.000000000000000 0.000000000000000 0
364 0.000000000000000 0.000000000000000 0.000000000000000 0
365 0.000000000000000 0.000000000000000 0.000000000000000 0
366 0.000000000000000 0.000000000000000 0.000000000000000 0
367 0.000000000000000 0.000000000000000 0.000000000000000 0
368 0.000000000000000 0.000000000000000 0.000000000000000 0
369 0.000000000000000 0.000000000000000 0.000000000000000 0
370 0.000000000000000 0.000000000000000 0.000000000000000 0
371 0.000000000000000 0.000000000000000 0.000000000000000 0
372 0.000000000000000 0.000000000000000 0.000000000000000 0
373 0.000000000000000 0.000000000000000 0.000000000000000 0
374 0.000000000000000 0.000000000000000 0.000000000000000 0
375 0.000000000000000 0.000000000000000 0.000000000000000 0
376 0.000000000000000 0.000000000000000 0.000000000000000 0
377 0.000000000000000 0.000000000000000 0.000000000000000 0
378 0.000000000000000 0.000000000000000 0.000000000000000 0
379 0.000000000000000 0.000000000000000 0.000000000000000 0
380 0.000000000000000 0.000000000000000 0.000000000000000 0
381 0.000000000000000 0.000000000000000 0.000000000000000 0
382 0.000000000000000 0.000000000000000 0.000000000000000 0
383 0.000000000000000 0.000000000000000 0.000000000000000 0
384 0.000000000000000 0.000000000000000 0.000000000000000 0
385 0.000000000000000 0.000000000000000 0.000000000000000 0
386 0.000000000000000 0.000000000000000 0.000000000000000 0
387 0.000000000000000 0.000000000000000 0.000000000000000 0
388 0.000000000000000 0.000000000000000 0.000000000000000 0
389 0.000000000000000 0.000000000000000 0.000000000000000 0
390 0.000000000000000 0.000000000000000 0.000000000000000 0
391 0.000000000000000 0.000000000000000 0.000000000000000 0
392 0.000000000000000 0.000000000000000 0.000000000000000 0
393 0.000000000000000 0.000000000000000 0.000000000000000 0
394 0.000000000000000 0.000000000000000 0.000000000000000 0
395 0.000000000000000 0.000000000000000 0.000000000000000 0
396 0.000000000000000 0.000000000000000 0.000000000000000 0
397 0.000000000000000 0.000000000000000 0.000000000000000 0
398 0.000000000000000 0.000000000000000 0.000000000000000 0
399 0.000000000000000 0.000000000000000 0.000000000000000 0
400 0.000000000000000 0.000000000000000 0.000000000000000 0
401 0.000000000000000 0.000000000000000 0.000000000000000 0
402 0.000000000000000 0.000000000000000 0.000000000000000 0
403 0.000000000000000 0.000000000000000 0.000000000000000 0
404 0.000000000000000 0.000000000000000 0.000000000000000 0
405 0.000000000000000 0.000000000000000 0.000000000000000 0
406 0.000000000000000 0.000000000000000 0.000000000000000 0
407 0.000000000000000 0.000000000000000 0.000000000000000 0
408 0.000000000000000 0.000000000000000 0.000000000000000 0
409 0.000000000000000 0.000000000000000 0.000000000000000 0
410 0.000000000000000 0.000000000000000 0.000000000000000 0
411 0.000000000000000 0.000000000000000 0.000000000000000 0
412 0.000000000000000 0.000000000000000 0.000000000000000 0
413 0.000000000000000 0.000000000000000 0.000000000000000 0
414 0.000000000000000 0.000000000000000 0.000000000000000 0
415 0.000000000000000 0.000000000000000 0.000000000000000 0
416 0.000000000000000 0.000000000000000 0.000000000000000 0
417 0.000000000000000 0.000000000000000 0.000000000000000 0
418 0.000000000000000 0.000000000000000 0.000000000000000 0
419 0.000000000000000 0.000000000000000 0.000000000000000 0
420 0.000000000000000 0.000000000000000 0.000000000000000 0
421 0.000000000000000 0.000000000000000 0.000000000000000 0
422 0.000000000000000 0.000000000000000 0.000000000000000 0
423 0.000000000000000 0.000000000000000 0.000000000000000 0
424 0.000000000000000 0.000000000000000 0.000000000000000 0
425 0.000000000000000 0.000000000000000 0.000000000000000 0
426 0.000000000000000 0.000000000000000 0.000000000000000 0
427 0.000000000000000 0.000000000000000 0.000000000000000 0
428 0.000000000000000 0.000000000000000 0.000000000000000 0
429 0.000000000000000 0.000000000000000 0.000000000000000 0
430 0.000000000000000 0.000000000000000 0.000000000000000 0
431 0.000000000000000 0.000000000000000 0.000000000000000 0
432 0.000000000000000 0.000000000000000 0.000000000000000 0
433 0.000000000000000 0.000000000000000 0.000000000000000 0
434 0.000000000000000 0.000000000000000 0.000000000000000 0
435 0.000000000000000 0.000000000000000 0.000000000000000 0
436 0.000000000000000 0.000000000000000 0.000000000000000 0
437 0.000000000000000 0.000000000000000 0.000000000000000 0
438 0.000000000000000 0.000000000000000 0.000000000000000 0
439 0.000000000000000 0.000000000000000 0.000000000000000 0
440 0.000000000000000 0.000000000000000 0.000000000000000 0
441 0.000000000000000 0.000000000000000 0.000000000000000 0
442 0.000000000000000 0.000000000000000 0.000000000000000 0
443 0.000000000000000 0.000000000000000 0.000000000000000 0
444 0.000000000000000 0.000000000000000 0.000000000000000 0
445 0.000000000000000 0.000000000000000 0.000000000000000 0
446 0.000000000000000 0.000000000000000 0.000000000000000 0
447 0.000000000000000 0.000000000000000 0.000000000000000 0
448 0.000000000000000 0.000000000000000 0.000000000000000 0
449 0.000000000000000 0.000000000000000 0.000000000000000 0
450 0.000000000000000 0.000000000000000 0.000000000000000 0
451 0.000000000000000 0.000000000000000 0.000000000000000 0
452 0.000000000000000 0.000000000000000 0.000000000000000 0
453 0.000000000000000 0.000000000000000 0.000000000000000 0
454 0.000000000000000 0.000000000000000 0.000000000000000 0
455 0.000000000000000 0.000000000000000 0.000000000000000 0
456 0.000000000000000 0.000000000000000 0.000000000000000 0
457 0.000000000000000 0.000000000000000 0.000000000000000 0
458 0.000000000000000 0.000000000000000 0.000000000000000 0
459 0.000000000000000 0.000000000000000 0.000000000000000 0
460 0.000000000000000 0.000000000000000 0.000000000000000 0
461 0.000000000000000 0.000000000000000 0.000000000000000 0
462 0.000000000000000 0.000000000000000 0.000000000000000 0
463 0.000000000000000 0.000000000000000 0.000000000000000 0
464 0.000000000000000 0.000000000000000 0.000000000000000 0
465 0.000000000000000 0.000000000000000 0.000000000000000 0
466 0.000000000000000 0.000000000000000 0.000000000000000 0
467 0.000000000000000 0.000000000000000 0.000000000000000 0
468 0.000000000000000 0.000000000000000 0.000000000000000 0
469 0.000000000000000 0.000000000000000 0.000000000000000 0
470 0.000000000000000 0.000000000000000 0.000000000000000 0
471 0.000000000000000 0.000000000000000 0.000000000000000 0
472 0.000000000000000 0.000000000000000 0.000000000000000 0
473 0.000000000000000 0.000000000000000 0.000000000000000 0
474 0.000000000000000 0.000000000000000 0.000000000000000 0
475 0.000000000000000 0.000000000000000 0.000000000000000 0
476 0.000000000000000 0.000000000000000 0.000000000000000 0
477 0.000000000000000 0.000000000000000 0.000000000000000 0
478 0.000000000000000 0.000000000000000 0.000000000000000 0
479 0.000000000000000 0.000000000000000 0.000000000000000 0
480 0.000000000000000 0.000000000000000 0.000000000000000 0
481 0.000000000000000 0.000000000000000 0.000000000000000 0
482 0.000000000000000 0.000000000000000 0.000000000000000 0
483 0.000000000000000 0.000000000000000 0.000000000000000 0
484 0.000000000000000 0.000000000000000 0.000000000000000 0
485 0.000000000000000 0.000000000000000 0.000000000000000 0
486 0.000000000000000 0.000000000000000 0.000000000000000 0
487 0.000000000000000 0.000000000000000 0.000000000000000 0
488 0.000000000000000 0.000000000000000 0.000000000000000 0
489 0.000000000000000 0.000000000000000 0.000000000000000 0
490 0.000000000000000 0.000000000000000 0.000000000000000 0
491 0.000000000000000 0.000000000000000 0.000000000000000 0
492 0.000000000000000 0.000000000000000 0.000000000000000 0
493 0.000000000000000 0.000000000000000 0.000000000000000 0
494 0.000000000000000 0.000000000000000 0.000000000000000 0
495 0.000000000000000 0.000000000000000 0.000000000000000 0
496 0.000000000000000 0.000000000000000 0.000000000000000 0
497 0.000000000000000 0.000000000000000 0.000000000000000 0
498 0.000000000000000 0.000000000000000 0.000000000000000 0
499 0.000000000000000 0.000000000000000 0.000000000000000 0
500 0.000000000000000 0.000000000000000 0.000000000000000 0
501 0.000000000000000 0.000000000000000 0.000000000000000 0
502 0.000000000000000 0.000000000000000 0.000000000000000 0
503 0.000000000000000 0.000000000000000 0.000000000000000 0
504 0.000000000000000 0.000000000000000 0.000000000000000 0
505 0.000000000000000 0.000000000000000 0.000000000000000 0
506 0.000000000000000 0.000000000000000 0.000000000000000 0
507 0.000000000000000 0.000000000000000 0.000000000000000 0
508 0.000000000000000 0.000000000000000 0.000000000000000 0
509 0.000000000000000 0.000000000000000 0.000000000000000 0
510 0.000000000000000 0.000000000000000 0.000000000000000 0
511 0.000000000000000 0.000000000000000 0.000000000000000 0
512 0.000000000000000 0.000000000000000 0.000000000000000 0
513 0.000000000000000 0.000000000000000 0.000000000000000 0
514 0.000000000000000 0.000000000000000 0.000000000000000 0
515 0.000000000000000 0.000000000000000 0.000000000000000 0
516 0.000000000000000 0.000000000000000 0.000000000000000 0
517 0.000000000000000 0.000000000000000 0.000000000000000 0
518 0.000000000000000 0.000000000000000 0.000000000000000 0
519 0.000000000000000 0.000000000000000 0.000000000000000 0
520 0.000000000000000 0.000000000000000 0.000000000000000 0
521 0.000000000000000 0.000000000000000 0.000000000000000 0
522 0.000000000000000 0.000000000000000 0.000000000000000 0
523 0.000000000000000 0.000000000000000 0.000000000000000 0
524 0.000000000000000 0.000000000000000 0.000000000000000 0
525 0.000000000000000 0.000000000000000 0.000000000000000 0
526 0.000000000000000 0.000000000000000 0.000000000000000 0
527 0.000000000000000 0.000000000000000 0.000000000000000 0
528 0.000000000000000 0.000000000000000 0.000000000000000 0
529 0.000000000000000 0.000000000000000 0.000000000000000 0
530 0.000000000000000 0.000000000000000 0.000000000000000 0
531 0.000000000000000 0.000000000000000 0.000000000000000 0
532 0.000000000000000 0.000000000000000 0.000000000000000 0
533 0.000000000000000 0.000000000000000 0.000000000000000 0
534 0.000000000000000 0.000000000000000 0.000000000000000 0
535 0.000000000000000 0.000000000000000 0.000000000000000 0
536 0.000000000000000 0.000000000000000 0.000000000000000 0
537 0.000000000000000 0.000000000000000 0.000000000000000 0
538 0.000000000000000 0.000000000000000 0.000000000000000 0
539 0.000000000000000 0.000000000000000 0.000000000000000 0
540 0.000000000000000 0.000000000000000 0.000000000000000 0
541 0.000000000000000 0.000000000000000 0.000000000000000 0
542 0.000000000000000 0.000000000000000 0.000000000000000 0
543 0.000000000000000 0.000000000000000 0.000000000000000 0
544 0.000000000000000 0.000000000000000 0.000000000000000 0
545 0.000000000000000 0.000000000000000 0.000000000000000 0
546 0.000000000000000 0.000000000000000 0.000000000000000 0
547 0.000000000000000 0.000000000000000 0.000000000000000 0
548 0.000000000000000 0.000000000000000 0.000000000000000 0
549 0.000000000000000 0.000000000000000 0.000000000000000 0
550 0.000000000000000 0.000000000000000 0.000000000000000 0
551 0.000000000000000 0.000000000000000 0.000000000000000 0
552 0.000000000000000 0.000000000000000 0.000000000000000 0
553 0.000000000000000 0.000000000000000 0.000000000000000 0
554 0.000000000000000 0.000000000000000 0.000000000000000 0
555 0.000000000000000 0.000000000000000 0.000000000000000 0
556 0.000000000000000 0.000000000000000 0.000000000000000 0
557 0.000000000000000 0.000000000000000 0.000000000000000 0
558 0.000000000000000 0.000000000000000 0.000000000000000 0
559 0.000000000000000 0.000000000000000 0.000000000000000 0
560 0.000000000000000 0.000000000000000 0.000000000000000 0
561 0.000000000000000 0.000000000000000 0.000000000000000 0
562 0.000000000000000 0.000000000000000 0.000000000000000 0
563 0.000000000000000 0.000000000000000 0.000000000000000 0
564 0.000000000000000 0.000000000000000 0.000000000000000 0
565 0.000000000000000 0.000000000000000 0.000000000000000 0
566 0.000000000000000 0.000000000000000 0.000000000000000 0
567 0.000000000000000 0.000000000000000 0.000000000000000 0
568 0.000000000000000 0.000000000000000 0.000000000000000 0
569 0.000000000000000 0.000000000000000 0.000000000000000 0
570 0.000000000000000 0.000000000000000 0.000000000000000 0
571 0.000000000000000 0.000000000000000 0.000000000000000 0
572 0.000000000000000 0.000000000000000 0.000000000000000 0
573 0.000000000000000 0.000000000000000 0.000000000000000 0
574 0.000000000000000 0.000000000000000 0.000000000000000 0
575 0.000000000000000 0.000000000000000 0.000000000000000 0
576 0.000000000000000 0.000000000000000 0.000000000000000 0
577 0.000000000000000 0.000000000000000 0.000000000000000 0
578 0.000000000000000 0.000000000000000 0.000000000000000 0
579 0.000000000000000 0.000000000000000 0.000000000000000 0
580 0.000000000000000 0.000000000000000 0.000000000000000 0
581 0.000000000000000 0.000000000000000 0.000000000000000 0
582 0.000000000000000 0.000000000000000 0.000000000000000 0
583 0.000000000000000 0.000000000000000 0.000000000000000 0
584 0.000000000000000 0.000000000000000 0.000000000000000 0
585 0.000000000000000 0.000000000000000 0.000000000000000 0
586 0.000000000000000 0.000000000000000 0.000000000000000 0
587 0.000000000000000 0.000000000000000 0.000000000000000 0
588 0.000000000000000 0.000000000000000 0.000000000000000 0
589 0.000000000000000 0.000000000000000 0.000000000000000 0
590 0.000000000000000 0.000000000000000 0.000000000000000 0
591 0.000000000000000 0.000000000000000 0.000000000000000 0
592 0.000000000000000 0.000000000000000 0.000000000000000 0
593 0.000000000000000 0.000000000000000 0.000000000000000 0
594 0.000000000000000 0.000000000000000 0.000000000000000 0
595 0.000000000000000 0.000000000000000 0.000000000000000 0
596 0.000000000000000 0.000000000000000 0.000000000000000 0
597 0.000000000000000 0.000000000000000 0.000000000000000 0
598 0.000000000000000 0.000000000000000 0.000000000000000 0
599 0.000000000000000 0.000000000000000 0.000000000000000 0
600 0.000000000000000 0.000000000000000 0.000000000000000 0
601 0.000000000000000 0.000000000000000 0.000000000000000 0
602 0.000000000000000 0.000000000000000 0.000000000000000 0
603 0.000000000000000 0.000000000000000 0.000000000000000 0
604 0.000000000000000 0.000000000000000 0.000000000000000 0
605 0.000000000000000 0.000000000000000 0.000000000000000 0
606 0.000000000000000 0.000000000000000 0.000000000000000 0
607 0.000000000000000 0.000000000000000 0.000000000000000 0
608 0.000000000000000 0.000000000000000 0.000000000000000 0
609 0.000000000000000 0.000000000000000 0.000000000000000 0
610 0.000000000000000 0.000000000000000 0.000000000000000 0
611 0.000000000000000 0.000000000000000 0.000000000000000 0
612 0.000000000000000 0.000000000000000 0.000000000000000 0
613 0.000000000000000 0.000000000000000 0.000000000000000 0
614 0.000000000000000 0.000000000000000 0.000000000000000 0
615 0.000000000000000 0.000000000000000 0.000000000000000 0
616 0.000000000000000 0.000000000000000 0.000000000000000 0
617 0.000000000000000 0.000000000000000 0.000000000000000 0
618 0.000000000000000 0.000000000000000 0.000000000000000 0
619 0.000000000000000 0.000000000000000 0.000000000000000 0
620 0.000000000000000 0.000000000000000 0.000000000000000 0
621 0.000000000000000 0.000000000000000 0.000000000000000 0
622 0.000000000000000 0.000000000000000 0.000000000000000 0
623 0.000000000000000 0.000000000000000 0.000000000000000 0
624 0.000000000000000 0.000000000000000 0.000000000000000 0
625 0.000000000000000 0.000000000000000 0.000000000000000 0
626 0.000000000000000 0.000000000000000 0.000000000000000 0
627 0.000000000000000 0.000000000000000 0.000000000000000 0
628 0.000000000000000 0.000000000000000 0.000000000000000 0
629 0.000000000000000 0.000000000000000 0.000000000000000 0
630 0.000000000000000 0.000000000000000 0.000000000000000 0
631 0.000000000000000 0.000000000000000 0.000000000000000 0
632 0.000000000000000 0.000000000000000 0.000000000000000 0
633 0.000000000000000 0.000000000000000 0.000000000000000 0
634 0.000000000000000 0.000000000000000 0.000000000000000 0
635 0.000000000000000 0.000000000000000 0.000000000000000 0
636 0.000000000000000 0.000000000000000 0.000000000000000 0
637 0.000000000000000 0.000000000000000 0.000000000000000 0
638 0.000000000000000 0.000000000000000 0.000000000000000 0
639 0.000000000000000 0.000000000000000 0.000000000000000 0
640 0.000000000000000 0.000000000000000 0.000000000000000 0
641 0.000000000000000 0.000000000000000 0.000000000000000 0
642 0.000000000000000 0.000000000000000 0.000000000000000 0
643 0.000000000000000 0.000000000000000 0.000000000000000 0
644 0.000000000000000 0.000000000000000 0.000000000000000 0
645 0.000000000000000 0.000000000000000 0.000000000000000 0
646 0.000000000000000 0.000000000000000 0.000000000000000 0
647 0.000000000000000 0.000000000000000 0.000000000000000 0
648 0.000000000000000 0.000000000000000 0.000000000000000 0
649 0.000000000000000 0.000000000000000 0.000000000000000 0
650 0.000000000000000 0.000000000000000 0.000000000000000 0
651 0.000000000000000 0.000000000000000 0.000000000000000 0
652 0.000000000000000 0.000000000000000 0.000000000000000 0
653 0.000000000000000 0.000000000000000 0.000000000000000 0
654 0.000000000000000 0.000000000000000 0.000000000000000 0
655 0.000000000000000 0.000000000000000 0.000000000000000 0
656 0.000000000000000 0.000000000000000 0.000000000000000 0
657 0.000000000000000 0.000000000000000 0.000000000000000 0
658 0.000000000000000 0.000000000000000 0.000000000000000 0
659 0.000000000000000 0.000000000000000 0.000000000000000 0
660 0.000000000000000 0.000000000000000 0.000000000000000 0
661 0.000000000000000 0.000000000000000 0.000000000000000 0
662 0.000000000000000 0.000000000000000 0.000000000000000 0
663 0.000000000000000 0.000000000000000 0.000000000000000 0
664 0.000000000000000 0.000000000000000 0.000000000000000 0
665 0.000000000000000 0.000000000000000 0.000000000000000 0
666 0.000000000000000 0.000000000000000 0.000000000000000 0
667 0.000000000000000 0.000000000000000 0.000000000000000 0
668 0.000000000000000 0.000000000000000 0.000000000000000 0
669 0.000000000000000 0.000000000000000 0.000000000000000 0
670 0.000000000000000 0.000000000000000 0.000000000000000 0
671 0.000000000000000 0.000000000000000 0.000000000000000 0
672 0.000000000000000 0.000000000000000 0.000000000000000 0
673 0.000000000000000 0.000000000000000 0.000000000000000 0
674 0.000000000000000 0.000000000000000 0.000000000000000 0
675 0.000000000000000 0.000000000000000 0.000000000000000 0
676 0.000000000000000 0.000000000000000 0.000000000000000 0
677 0.000000000000000 0.000000000000000 0.000000000000000 0
678 0.000000000000000 0.000000000000000 0.000000000000000 0
679 0.000000000000000 0.000000000000000 0.000000000000000 0
680 0.000000000000000 0.000000000000000 0.000000000000000 0
681 0.000000000000000 0.000000000000000 0.000000000000000 0
682 0.000000000000000 0.000000000000000 0.000000000000000 0
683 0.000000000000000 0.000000000000000 0.000000000000000 0
684 0.000000000000000 0.000000000000000 0.000000000000000 0
685 0.000000000000000 0.000000000000000 0.000000000000000 0
686 0.000000000000000 0.000000000000000 0.000000000000000 0
687 0.000000000000000 0.000000000000000 0.000000000000000 0
688 0.000000000000000 0.000000000000000 0.000000000000000 0
689 0.000000000000000 0.000000000000000 0.000000000000000 0
690 0.000000000000000 0.000000000000000 0.000000000000000 0
691 0.000000000000000 0.000000000000000 0.000000000000000 0
692 0.000000000000000 0.000000000000000 0.000000000000000 0
693 0.000000000000000 0.000000000000000 0.000000000000000 0
694 0.000000000000000 0.000000000000000 0.000000000000000 0
695 0.000000000000000 0.000000000000000 0.000000000000000 0
696 0.000000000000000 0.000000000000000 0.000000000000000 0
697 0.000000000000000 0.000000000000000 0.000000000000000 0
698 0.000000000000000 0.000000000000000 0.000000000000000 0
699 0.000000000000000 0.000000000000000 0.000000000000000 0
700 0.000000000000000 0.000000000000000 0.000000000000000 0
701 0.000000000000000 0.000000000000000 0.000000000000000 0
702 0.000000000000000 0.000000000000000 0.000000000000000 0
703 0.000000000000000 0.000000000000000 0.000000000000000 0
704 0.000000000000000 0.000000000000000 0.000000000000000 0
705 0.000000000000000 0.000000000000000 0.000000000000000 0
706 0.000000000000000 0.000000000000000 0.000000000000000 0
707 0.000000000000000 0.000000000000000 0.000000000000000 0
708 0.000000000000000 0.000000000000000 0.000000000000000 0
709 0.000000000000000 0.000000000000000 0.000000000000000 0
710 0.000000000000000 0.000000000000000 0.000000000000000 0
711 0.000000000000000 0.000000000000000 0.000000000000000 0
712 0.000000000000000 0.000000000000000 0.000000000000000 0
713 0.000000000000000 0.000000000000000 0.000000000000000 0
714 0.000000000000000 0.000000000000000 0.000000000000000 0
715 0.000000000000000 0.000000000000000 0.000000000000000 0
716 0.000000000000000 0.000000000000000 0.000000000000000 0
717 0.000000000000000 0.000000000000000 0.000000000000000 0
718 0.000000000000000 0.000000000000000 0.000000000000000 0
719 0.000000000000000 0.000000000000000 0.000000000000000 0
720 0.000000000000000 0.000000000000000 0.000000000000000 0
721 0.000000000000000 0.000000000000000 0.000000000000000 0
722 0.000000000000000 0.000000000000000 0.000000000000000 0
723 0.000000000000000 0.000000000000000 0.000000000000000 0
724 0.000000000000000 0.000000000000000 0.000000000000000 0
725 0.000000000000000 0.000000000000000 0.000000000000000 0
726 0.000000000000000 0.000000000000000 0.000000000000000 0
727 0.000000000000000 0.000000000000000 0.000000000000000 0
728 0.000000000000000 0.000000000000000 0.000000000000000 0
729 0.000000000000000 0.000000000000000 0.000000000000000 0
730 0.000000000000000 0.000000000000000 0.000000000000000 0
731 0.000000000000000 0.000000000000000 0.000000000000000 0
732 0.000000000000000 0.000000000000000 0.000000000000000 0
733 0.000000000000000 0.000000000000000 0.000000000000000 0
734 0.000000000000000 0.000000000000000 0.000000000000000 0
735 0.000000000000000 0.000000000000000 0.000000000000000 0
736 0.000000000000000 0.000000000000000 0.000000000000000 0
737 0.000000000000000 0.000000000000000 0.000000000000000 0
738 0.000000000000000 0.000000000000000 0.000000000000000 0
739 0.000000000000000 0.000000000000000 0.000000000000000 0
740 0.000000000000000 0.000000000000000 0.000000000000000 0
741 0.000000000000000 0.000000000000000 0.000000000000000 0
742 0.000000000000000 0.000000000000000 0.000000000000000 0
743 0.000000000000000 0.000000000000000 0.000000000000000 0
744 0.000000000000000 0.000000000000000 0.000000000000000 0
745 0.000000000000000 0.000000000000000 0.000000000000000 0
746 0.000000000000000 0.000000000000000 0.000000000000000 0
747 0.000000000000000 0.000000000000000 0.000000000000000 0
748 0.000000000000000 0.000000000000000 0.000000000000000 0
749 0.000000000000000 0.000000000000000 0.000000000000000 0
750 0.000000000000000 0.000000000000000 0.000000000000000 0
751 0.000000000000000 0.000000000000000 0.000000000000000 0
752 0.000000000000000 0.000000000000000 0.000000000000000 0
753 0.000000000000000 0.000000000000000 0.000000000000000 0
754 0.000000000000000 0.000000000000000 0.000000000000000 0
755 0.000000000000000 0.000000000000000 0.000000000000000 0
756 0.000000000000000 0.000000000000000 0.000000000000000 0
757 0.000000000000000 0.000000000000000 0.000000000000000 0
758 0.000000000000000 0.000000000000000 0.000000000000000 0
759 0.000000000000000 0.000000000000000 0.000000000000000 0
760 0.000000000000000 0.000000000000000 0.000000000000000 0
761 0.000000000000000 0.000000000000000 0.000000000000000 0
762 0.000000000000000 0.000000000000000 0.000000000000000 0
763 0.000000000000000 0.000000000000000 0.000000000000000 0
764 0.000000000000000 0.000000000000000 0.000000000000000 0
765 0.000000000000000 0.000000000000000 0.000000000000000 0
766 0.000000000000000 0.000000000000000 0.000000000000000 0
767 0.000000000000000 0.000000000000000 0.000000000000000 0
768 0.000000000000000 0.000000000000000 0.000000000000000 0
769 0.000000000000000 0.000000000000000 0.000000000000000 0
770 0.000000000000000 0.000000000000000 0.000000000000000 0
771 0.000000000000000 0.000000000000000 0.000000000000000 0
772 0.000000000000000 0.000000000000000 0.000000000000000 0
773 0.000000000000000 0.000000000000000 0.000000000000000 0
774 0.000000000000000 0.000000000000000 0.000000000000000 0
775 0.000000000000000 0.000000000000000 0.000000000000000 0
776 0.000000000000000 0.000000000000000 0.000000000000000 0
777 0.000000000000000 0.000000000000000 0.000000000000000 0
778 0.000000000000000 0.000000000000000 0.000000000000000 0
779 0.000000000000000 0.000000000000000 0.000000000000000 0
780 0.000000000000000 0.000000000000000 0.000000000000000 0
781 0.000000000000000 0.000000000000000 0.000000000000000 0
782 0.000000000000000 0.000000000000000 0.000000000000000 0
783 0.000000000000000 0.000000000000000 0.000000000000000 0
784 0.000000000000000 0.000000000000000 0.000000000000000 0
785 0.000000000000000 0.000000000000000 0.000000000000000 0
786 0.000000000000000 0.000000000000000 0.000000000000000 0
787 0.000000000000000 0.000000000000000 0.000000000000000 0
788 0.000000000000000 0.000000000000000 0.000000000000000 0
789 0.000000000000000 0.000000000000000 0.000000000000000 0
790 0.000000000000000 0.000000000000000 0.000000000000000 0
791 0.000000000000000 0.000000000000000 0.000000000000000 0
792 0.000000000000000 0.000000000000000 0.000000000000000 0
793 0.000000000000000 0.000000000000000 0.000000000000000 0
794 0.000000000000000 0.000000000000000 0.000000000000000 0
795 0.000000000000000 0.000000000000000 0.000000000000000 0
796 0.000000000000000 0.000000000000000 0.000000000000000 0
797 0.000000000000000 0.000000000000000 0.000000000000000 0
798 0.000000000000000 0.000000000000000 0.000000000000000 0
799 0.000000000000000 0.000000000000000 0.000000000000000 0
800 0.000000000000000 0.000000000000000 0.000000000000000 0
801 0.000000000000000 0.000000000000000 0.000000000000000 0
802 0.000000000000000 0.000000000000000 0.000000000000000 0
803 0.000000000000000 0.000000000000000 0.000000000000000 0
804 0.000000000000000 0.000000000000000 0.000000000000000 0
805 0.000000000000000 0.000000000000000 0.000000000000000 0
806 0.000000000000000 0.000000000000000 0.000000000000000 0
807 0.000000000000000 0.000000000000000 0.000000000000000 0
808 0.000000000000000 0.000000000000000 0.000000000000000 0
809 0.000000000000000 0.000000000000000 0.000000000000000 0
810 0.000000000000000 0.000000000000000 0.000000000000000 0
811 0.000000000000000 0.000000000000000 0.000000000000000 0
812 0.000000000000000 0.000000000000000 0.000000000000000 0
813 0.000000000000000 0.000000000000000 0.000000000000000 0
814 0.000000000000000 0.000000000000000 0.000000000000000 0
815 0.000000000000000 0.000000000000000 0.000000000000000 0
816 0.000000000000000 0.000000000000000 0.000000000000000 0
817 0.000000000000000 0.000000000000000 0.000000000000000 0
818 0.000000000000000 0.000000000000000 0.000000000000000 0
819 0.000000000000000 0.000000000000000 0.000000000000000 0
820 0.000000000000000 0.000000000000000 0.000000000000000 0
821 0.000000000000000 0.000000000000000 0.000000000000000 0
822 0.000000000000000 0.000000000000000 0.000000000000000 0
823 0.000000000000000 0.000000000000000 0.000000000000000 0
824 0.000000000000000 0.000000000000000 0.000000000000000 0
825 0.000000000000000 0.000000000000000 0.000000000000000 0
826 0.000000000000000 0.000000000000000 0.000000000000000 0
827 0.000000000000000 0.000000000000000 0.000000000000000 0
828 0.000000000000000 0.000000000000000 0.000000000000000 0
829 0.000000000000000 0.000000000000000 0.000000000000000 0
830 0.000000000000000 0.000000000000000 0.000000000000000 0
831 0.000000000000000 0.000000000000000 0.000000000000000 0
832 0.000000000000000 0.000000000000000 0.000000000000000 0
833 0.000000000000000 0.000000000000000 0.000000000000000 0
834 0.000000000000000 0.000000000000000 0.000000000000000 0
835 0.000000000000000 0.000000000000000 0.000000000000000 0
836 0.000000000000000 0.000000000000000 0.000000000000000 0
837 0.000000000000000 0.000000000000000 0.000000000000000 0
838 0.000000000000000 0.000000000000000 0.000000000000000 0
839 0.000000000000000 0.000000000000000 0.000000000000000 0
840 0.000000000000000 0.000000000000000 0.000000000000000 0
841 0.000000000000000 0.000000000000000 0.000000000000000 0
842 0.000000000000000 0.000000000000000 0.000000000000000 0
843 0.000000000000000 0.000000000000000 0.000000000000000 0
844 0.000000000000000 0.000000000000000 0.000000000000000 0
845 0.000000000000000 0.000000000000000 0.000000000000000 0
846 0.000000000000000 0.000000000000000 0.000000000000000 0
847 0.000000000000000 0.000000000000000 0.000000000000000 0
848 0.000000000000000 0.000000000000000 0.000000000000000 0
849 0.000000000000000 0.000000000000000 0.000000000000000 0
850 0.000000000000000 0.000000000000000 0.000000000000000 0
851 0.000000000000000 0.000000000000000 0.000000000000000 0
852 0.000000000000000 0.000000000000000 0.000000000000000 0
853 0.000000000000000 0.000000000000000 0.000000000000000 0
854 0.000000000000000 0.000000000000000 0.000000000000000 0
855 0.000000000000000 0.000000000000000 0.000000000000000 0
856 0.000000000000000 0.000000000000000 0.000000000000000 0
857 0.000000000000000 0.000000000000000 0.000000000000000 0
858 0.000000000000000 0.000000000000000 0.000000000000000 0
859 0.000000000000000 0.000000000000000 0.000000000000000 0
860 0.000000000000000 0.000000000000000 0.000000000000000 0
861 0.000000000000000 0.000000000000000 0.000000000000000 0
862 0.000000000000000 0.000000000000000 0.000000000000000 0
863 0.000000000000000 0.000000000000000 0.000000000000000 0
864 0.000000000000000 0.000000000000000 0.000000000000000 0
865 0.000000000000000 0.000000000000000 0.000000000000000 0
866 0.000000000000000 0.000000000000000 0.000000000000000 0
867 0.000000000000000 0.000000000000000 0.000000000000000 0
868 0.000000000000000 0.000000000000000 0.000000000000000 0
869 0.000000000000000 0.000000000000000 0.000000000000000 0
870 0.000000000000000 0.000000000000000 0.000000000000000 0
871 0.000000000000000 0.000000000000000 0.000000000000000 0
872 0.000000000000000 0.000000000000000 0.000000000000000 0
873 0.000000000000000 0.000000000000000 0.000000000000000 0
874 0.000000000000000 0.000000000000000 0.000000000000000 0
875 0.000000000000000 0.000000000000000 0.000000000000000 0
876 0.000000000000000 0.000000000000000 0.000000000000000 0
877 0.000000000000000 0.000000000000000 0.000000000000000 0
878 0.000000000000000 0.000000000000000 0.000000000000000 0
879 0.000000000000000 0.000000000000000 0.000000000000000 0
880 0.000000000000000 0.000000000000000 0.000000000000000 0
881 0.000000000000000 0.000000000000000 0.000000000000000 0
882 0.000000000000000 0.000000000000000 0.000000000000000 0
883 0.000000000000000 0.000000000000000 0.000000000000000 0
884 0.000000000000000 0.000000000000000 0.000000000000000 0
885 0.000000000000000 0.000000000000000 0.000000000000000 0
886 0.000000000000000 0.000000000000000 0.000000000000000 0
887 0.000000000000000 0.000000000000000 0.000000000000000 0
888 0.000000000000000 0.000000000000000 0.000000000000000 0
889 0.000000000000000 0.000000000000000 0.000000000000000 0
890 0.000000000000000 0.000000000000000 0.000000000000000 0
891 0.000000000000000 0.000000000000000 0.000000000000000 0
892 0.000000000000000 0.000000000000000 0.000000000000000 0
893 0.000000000000000 0.000000000000000 0.000000000000000 0
894 0.000000000000000 0.000000000000000 0.000000000000000 0
895 0.000000000000000 0.000000000000000 0.000000000000000 0
896 0.000000000000000 0.000000000000000 0.000000000000000 0
897 0.000000000000000 0.000000000000000 0.000000000000000 0
898 0.000000000000000 0.000000000000000 0.000000000000000 0
899 0.000000000000000 0.000000000000000 0.000000000000000 0
900 0.000000000000000 0.000000000000000 0.000000000000000 0
901 0.000000000000000 0.000000000000000 0.000000000000000 0
902 0.000000000000000 0.000000000000000 0.000000000000000 0
903 0.000000000000000 0.000000000000000 0.000000000000000 0
904 0.000000000000000 0.000000000000000 0.000000000000000 0
905 0.000000000000000 0.000000000000000 0.000000000000000 0
906 0.000000000000000 0.000000000000000 0.000000000000000 0
907 0.000000000000000 0.000000000000000 0.000000000000000 0
908 0.000000000000000 0.000000000000000 0.000000000000000 0
909 0.000000000000000 0.000000000000000 0.000000000000000 0
910 0.000000000000000 0.000000000000000 0.000000000000000 0
911 0.000000000000000 0.000000000000000 0.000000000000000 0
912 0.000000000000000 0.000000000000000 0.000000000000000 0
913 0.000000000000000 0.000000000000000 0.000000000000000 0
914 0.000000000000000 0.000000000000000 0.000000000000000 0
915 0.000000000000000 0.000000000000000 0.000000000000000 0
916 0.000000000000000 0.000000000000000 0.000000000000000 0
917 0.000000000000000 0.000000000000000 0.000000000000000 0
918 0.000000000000000 0.000000000000000 0.000000000000000 0
919 0.000000000000000 0.000000000000000 0.000000000000000 0
920 0.000000000000000 0.000000000000000 0.000000000000000 0
921 0.000000000000000 0.000000000000000 0.000000000000000 0
922 0.000000000000000 0.000000000000000 0.000000000000000 0
923 0.000000000000000 0.000000000000000 0.000000000000000 0
924 0.000000000000000 0.000000000000000 0.000000000000000 0
925 0.000000000000000 0.000000000000000 0.000000000000000 0
926 0.000000000000000 0.000000000000000 0.000000000000000 0
927 0.000000000000000 0.000000000000000 0.000000000000000 0
928 0.000000000000000 0.000000000000000 0.000000000000000 0
929 0.000000000000000 0.000000000000000 0.000000000000000 0
930 0.000000000000000 0.000000000000000 0.000000000000000 0
931 0.000000000000000 0.000000000000000 0.000000000000000 0
932 0.000000000000000 0.000000000000000 0.000000000000000 0
933 0.000000000000000 0.000000000000000 0.000000000000000 0
934 0.000000000000000 0.000000000000000 0.000000000000000 0
935 0.000000000000000 0.000000000000000 0.000000000000000 0
936 0.000000000000000 0.000000000000000 0.000000000000000 0
937 0.000000000000000 0.000000000000000 0.000000000000000 0
938 0.000000000000000 0.000000000000000 0.000000000000000 0
939 0.000000000000000 0.000000000000000 0.000000000000000 0
940 0.000000000000000 0.000000000000000 0.000000000000000 0
941 0.000000000000000 0.000000000000000 0.000000000000000 0
942 0.000000000000000 0.000000000000000 0.000000000000000 0
943 0.000000000000000 0.000000000000000 0.000000000000000 0
944 0.000000000000000 0.000000000000000 0.000000000000000 0
945 0.000000000000000 0.000000000000000 0.000000000000000 0
946 0.000000000000000 0.000000000000000 0.000000000000000 0
947 0.000000000000000 0.000000000000000 0.000000000000000 0
948 0.000000000000000 0.000000000000000 0.000000000000000 0
949 0.000000000000000 0.000000000000000 0.000000000000000 0
950 0.000000000000000 0.000000000000000 0.000000000000000 0
951 0.000000000000000 0.000000000000000 0.000000000000000 0
952 0.000000000000000 0.000000000000000 0.000000000000000 0
953 0.000000000000000 0.000000000000000 0.000000000000000 0
954 0.000000000000000 0.000000000000000 0.000000000000000 0
955 0.000000000000000 0.000000000000000 0.000000000000000 0
956 0.000000000000000 0.000000000000000 0.000000000000000 0
957 0.000000000000000 0.000000000000000 0.000000000000000 0
958 0.000000000000000 0.000000000000000 0.000000000000000 0
959 0.000000000000000 0.000000000000000 0.000000000000000 0
960 0.000000000000000 0.000000000000000 0.000000000000000 0
961 0.000000000000000 0.000000000000000 0.000000000000000 0
962 0.000000000000000 0.000000000000000 0.000000000000000 0
963 0.000000000000000 0.000000000000000 0.000000000000000 0
964 0.000000000000000 0.000000000000000 0.000000000000000 0
965 0.000000000000000 0.000000000000000 0.000000000000000 0
966 0.000000000000000 0.000000000000000 0.000000000000000 0
967 0.000000000000000 0.000000000000000 0.000000000000000 0
968 0.000000000000000 0.000000000000000 0.000000000000000 0
969 0.000000000000000 0.000000000000000 0.000000000000000 0
970 0.000000000000000 0.000000000000000 0.000000000000000 0
971 0.000000000000000 0.000000000000000 0.000000000000000 0
972 0.000000000000000 0.000000000000000 0.000000000000000 0
973 0.000000000000000 0.000000000000000 0.000000000000000 0
974 0.000000000000000 0.000000000000000 0.000000000000000 0
975 0.000000000000000 0.000000000000000 0.000000000000000 0
976 0.000000000000000 0.000000000000000 0.000000000000000 0
977 0.000000000000000 0.000000000000000 0.000000000000000 0
978 0.000000000000000 0.000000000000000 0.000000000000000 0
979 0.000000000000000 0.000000000000000 0.000000000000000 0
980 0.000000000000000 0.000000000000000 0.000000000000000 0
981 0.000000000000000 0.000000000000000 0.000000000000000 0
982 0.000000000000000 0.000000000000000 0.000000000000000 0
983 0.000000000000000 0.000000000000000 0.000000000000000 0
984 0.000000000000000 0.000000000000000 0.000000000000000 0
985 0.000000000000000 0.000000000000000 0.000000000000000 0
986 0.000000000000000 0.000000000000000 0.000000000000000 0
987 0.000000000000000 0.000000000000000 0.000000000000000 0
988 0.000000000000000 0.000000000000000 0.000000000000000 0
989 0.000000000000000 0.000000000000000 0.000000000000000 0
990 0.000000000000000 0.000000000000000 0.000000000000000 0
991 0.000000000000000 0.000000000000000 0.000000000000000 0
992 0.000000000000000 0.000000000000000 0.000000000000000 0
993 0.000000000000000 0.000000000000000 0.000000000000000 0
994 0.000000000000000 0.000000000000000 0.000000000000000 0
995 0.000000000000000 0.000000000000000 0.000000000000000 0
996 0.000000000000000 0.000000000000000 0.000000000000000 0
997 0.000000000000000 0.000000000000000 0.000000000000000 0
998 0.000000000000000 0.000000000000000 0.000000000000000 0
999 0.000000000000000 0.000000000000000 0.000000000000000 0
1000 0.000000000000000 0.000000000000000 0.000000000000000 0
1001 0.000000000000000 0.000000000000000 0.000000000000000 0
1002 0.000000000000000 0.000000000000000 0.000000000000000 0
1003 0.000000000000000 0.000000000000000 0.000000000000000 0
1004 0.000000000000000 0.000000000000000 0.000000000000000 0
1005 0.000000000000000 0.000000000000000 0.000000000000000 0
1006 0.000000000000000 0.000000000000000 0.000000000000000 0
1007 0.000000000000000 0.000000000000000 0.000000000000000 0
1008 0.000000000000000 0.000000000000000 0.000000000000000 0
1009 0.000000000000000 0.000000000000000 0.000000000000000 0
1010 0.000000000000000 0.000000000000000 0.000000000000000 0
1011 0.000000000000000 0.000000000000000 0.000000000000000 0
1012 0.000000000000000 0.000000000000000 0.000000000000000 0
1013 0.000000000000000 0.000000000000000 0.000000000000000 0
1014 0.000000000000000 0.000000000000000 0.000000000000000 0
1015 0.000000000000000 0.000000000000000 0.000000000000000 0
1016 0.000000000000000 0.000000000000000 0.000000000000000 0
1017 0.000000000000000 0.000000000000000 0.000000000000000 0
1018 0.000000000000000 0.000000000000000 0.000000000000000 0
1019 0.000000000000000 0.000000000000000 0.000000000000000 0
1020 0.000000000000000 0.000000000000000 0.000000000000000 0
1021 0.000000000000000 0.000000000000000 0.000000000000000 0
1022 0.000000000000000 0.000000000000000 0.000000000000000 0
1023 0.000000000000000 0.000000000000000 0.000000000000000 0
